19
98
10
7
14
3
12
7
7
7
66
44
7
14
6
11
18
86
19
10
5
14
29
0
15
35
1
3
0
43
55
17
24
3
45
14
12
31
63
8
24
27
0
48
3
6
5
71
15
1
15
11
44
57
8
13
68
1
16
14
21
26
1
12
26
26
10
2
11
34
6
7
30
21
32
23
54
8
2
0
3
29
10
42
14
21
0
6
28
2
3
4
14
30
37
17
1
9
184
10
13
51
149
5
21
13
32
4
13
6
10
12
4
6
46
7
53
31
102
5
14
14
21
8
164
14
12
25
11
6
17
6
121
24
16
24
3
29
36
16
10
20
5
15
5
18
10
9
23
12
2
2
7
59
56
8
13
10
20
5
12
10
4
36
19
67
58
77
602
18
5
6
6
15
9
43
56
90
8
4
8
6
22
9
5
8
47
20
8
19
16
2
3
40
5
8
10
6
6
18
33
33
13
21
5
3
1
1
5
30
11
3
9
13
13
12
23
21
3
13
10
15
7
9
3
13
4
8
24
26
230
1
21
11
27
5
15
45
45
12
9
11
9
29
12
7
13
4
3
64
4
9
19
25
38
21
13
11
4
33
7
3
19
8
7
6
12
21
28
20
3
2
28
6
22
12
12
2
3
3
14
11
5
4
22
5
7
11
5
12
148
40
4
6
12
36
41
61
1
15
8
15
16
5
15
50
15
2
27
14
52
8
77
21
52
18
21
3
43
10
34
13
31
26
9
27
21
1
4
9
20
6
24
27
8
10
4
62
15
15
11
36
21
21
4
48
18
5
8
12
22
7
20
9
41
1
11
13
29
0
11
1
20
16
4
6
3
21
8
2
16
10
136
20
12
2
5
4
36
7
115
12
14
12
5
30
10
7
55
2
18
0
25
4
3
4
4
6
21
12
3
21
5
8
1
9
13
1
9
236
45
6
6
14
72
22
7
8
1
69
17
24
7
10
3
27
22
5
4
4
14
0
6
23
7
8
14
49
6
40
3
4
6
13
2
26
26
4
42
28
14
28
2
10
2
6
6
5
10
19
5
10
9
3
10
2
7
31
3
60
3
80
11
18
4
14
7
14
20
3
8
13
4
9
14
8
25
10
1
9
4
10
7
2
26
11
26
9
10
132
20
3
4
31
8
7
2
1
20
14
3
27
37
10
8
4
3
7
3
17
2
15
27
73
24
6
6
4
10
8
37
7
18
0
4
15
30
0
6
13
10
15
11
11
0
10
25
5
4
2
18
5
12
56
31
2
7
4
5
17
15
6
7
8
0
34
3
10
9
5
5
1
7
14
12
3
29
11
10
17
10
12
1
0
14
1
35
2
5
9
3
16
16
8
16
6
4
12
40
6
6
15
20
7
68
22
8
9
59
2
13
60
3
5
9
7
2
27
12
133
11
16
51
39
19
3
4
19
22
0
1
3
16
0
23
12
16
25
2
2
11
20
16
3
5
21
22
13
4
29
12
11
13
22
4
36
5
42
66
13
6
0
4
41
7
24
13
27
14
21
28
20
13
3
11
11
7
11
9
22
8
2
1
8
14
21
15
8
0
7
10
17
155
2
1
112
105
3
2
42
3
33
2
22
3
45
5
7
5
35
11
19
66
22
10
16
7
13
8
15
1
6
14
13
14
4
7
38
7
3
4
15
2
18
3
7
6
4
2
9
8
4
2
0
3
20
8
27
9
1
2
13
2
21
21
68
12
9
4
16
1
11
85
3
11
17
6
9
51
59
9
3
8
13
12
64
19
13
5
8
6
35
28
7
3
93
9
9
5
6
22
13
9
27
1
26
54
131
23
5
7
0
24
49
11
5
27
5
3
5
1
13
28
26
16
20
10
31
7
4
54
34
36
107
1
4
19
55
2
5
10
5
54
8
18
32
16
7
25
19
6
7
28
4
0
13
10
11
37
23
18
1
11
5
9
6
25
32
56
25
30
21
11
6
18
134
80
5
3
88
25
16
3
9
11
17
40
81
8
54
13
135
18
28
17
2
12
12
6
3
32
5
36
8
5
4
14
5
3
10
7
5
40
25
13
44
23
24
12
32
30
51
6
18
24
10
12
11
57
20
11
145
13
6
30
37
15
378
33
10
28
42
12
22
11
8
14
30
5
22
22
4
28
34
12
34
2
36
3
22
18
3
3
20
11
15
63
35
26
11
6
17
26
39
8
7
9
13
4
21
15
12
4
51
21
20
57
33
13
26
27
3
155
94
15
8
11
10
17
2
27
48
51
11
19
2
