28.96
3.58
12.76
10.93
8.89
2.26
9.14
9.18
6.94
0.63
10.95
7.47
6.18
8.03
4.89
8.49
9.09
0.4
3.75
9.2
4.46
2.71
3.44
5.14
5.49
3.9
5.35
3.17
5.09
4.24
5.04
5.86
3.68
4.19
5.73
4.24
3.59
5.73
4.51
2.55
4.02
4.37
6.31
3.45
2.81
2.85
2.71
3.49
0.01
3.35
2.04
3.07
3.87
3
4.82
3.64
2.15
3.69
2.65
3.07
2.56
3.11
3.14
1.94
1.95
2.47
2.28
3.42
2.85
3.63
2.36
1.71
2.65
2.36
1.85
2.79
1.24
6.12
1.53
3.47
2.24
5.01
2.01
1.72
2.07
6.42
3.86
3.49
1.72
0.45
1.72
2.81
3.48
1.89
5.75
2.17
1.37
2.35
1.18
2.11
1.88
2.11
2.83
2.99
2.89
3.27
2.22
2.14
1.45
1.75
2.15
1.04
1.77
3.02
2.75
2.35
2.16
1.9
2.75
2.59
2.26
2.2
4.3
2.75
0.93
2.53
4.24
2.52
1.79
1.3
2.6
1.58
1.2
1.56
1.34
1.95
1.26
0.83
6.21
2.8
1.59
1.73
1.88
4.33
2.01
1.2
1.83
1.71
2.18
1.98
1.47
0.67
1.89
2.07
1.55
1.91
0.69
0.6
1.93
1.64
1.9
1.24
0.55
1.85
2.19
1.64
1.11
1.24
2.29
1.83
2.5
0.96
1.21
1.12
0.77
1.69
1.08
0.79
1.55
2.37
1.55
2.46
0.26
2.11
1.34
0.75
1.25
2.43
0.98
3.47
0.74
2.16
2.23
0.61
1.69
0.63
1.08
2.45
1.41
1.8
1.3
3.28
1.16
1.99
1.38
1.89
1.36
0.01
1.17
1.19
0.99
1.72
0.26
0.99
1.08
0.6
1.68
2
1.33
1.57
1.48
2.1
1.27
2
2.19
1.41
1.95
1.97
1.12
1.71
0.91
0.99
1.11
1.39
1.97
1.96
0.26
0.91
0.24
0.24
1.27
1.51
0.14
2
1.29
1.18
1.11
1.29
2.39
1.03
0.5
1.79
1.33
1.93
1.72
0.91
0.58
1.31
1.16
2.02
0.26
1.11
3.02
1.24
1.11
1.31
2.01
1.32
2.89
1.01
2.27
2.55
2.3
1.82
1.47
2.78
0.44
1.04
0.48
0.27
0.21
0.61
2.48
0.51
1.52
2.15
0.04
2.26
1.03
1.27
1.47
1.9
1.55
1.51
2.18
0.58
0.28
1.35
0.87
2.13
2.07
1.69
1.16
1.13
1.76
0.76
1.35
1.17
0.48
2.12
0.66
1.94
1.6
1.41
1.89
1.12
1.44
0.96
1.43
1.56
1.7
1.91
1.24
0.47
1.01
1.56
1.39
2
1.87
0.77
0.86
1.58
1.68
2.48
0.73
1.18
1.28
1.59
1.21
1.13
0.81
1.09
0.68
0.83
0.96
2.45
1.22
1.4
1.17
0.67
1.55
1.02
1.39
1.49
1.35
1.79
1.4
1.77
1.58
1.13
1.14
1.33
2.39
1.21
0.49
0.5
0.9
0.38
0.93
0.38
2.36
1.42
0.95
1.01
1.01
1.62
1.01
1.79
0.71
1.27
2.07
1.36
1.2
0.69
2.28
1.05
1.47
1.99
1.02
0.92
0.76
0.67
1.7
1.53
0.99
1.29
1.01
0.21
1.39
0.91
1.05
1.11
1.28
0.33
1.05
1.57
1.58
2.12
1.11
1.3
0.3
1.67
1
1.33
0.89
1.21
0.1
0.72
1
1.12
0.59
0.76
1.29
0.56
0.16
0.97
1.25
1.09
0.86
0.62
1.56
0.5
1.03
1
0.85
1.01
0.94
0.81
0.28
0.16
0.45
0.62
1.21
0.97
1.02
1.82
0.88
1.01
0.84
0.84
1.21
1.33
0.79
1.04
0.47
1.13
1.85
1.06
1.32
0.63
0.2
1.02
0.51
1.18
1.26
0.86
1.01
1.43
1.37
1.15
0.8
1.1
0.58
0.51
1.11
0.77
0.7
0.68
0.04
0.77
1.92
0.45
0.79
1.14
1.24
0.86
0.32
1.12
1.12
1.04
0.72
1.26
2.43
0.15
0.63
1.31
1.34
0.51
0.53
0.53
0.09
1.08
0.85
0.67
0.55
1.05
1.03
2.79
1.04
1.46
1.19
1.06
0.2
0.72
1.15
0.98
0.7
0.29
0.22
0.74
0.83
1.23
1.13
1.43
0.8
1.12
0.86
0.77
0.9
0.07
1.14
0.17
0.54
0.97
0.36
0.31
1.19
1.84
0.52
0.48
0.53
0.92
0.92
0.11
0.64
1.33
0.12
1.11
0.63
0.51
1.39
0.92
1.09
0.58
0.63
2.05
0.8
1.11
1.4
0.5
1.11
0.73
0.47
0.93
0.12
0.8
0.14
1.09
1.79
0.8
1.22
0.55
0.44
0.21
1.05
1.63
0.82
0.88
0.81
0.74
0.08
0.27
1.1
0.52
0.59
1.22
0.22
0.55
0.57
1.22
0.12
0.14
1.12
1.65
0.19
0.75
0.83
0.85
0.07
0.14
0.02
0.56
0.52
0.77
0.81
1.14
0.36
0.84
0.33
0.43
1.04
0.84
0.54
0.12
0.53
0.25
1.19
0.82
0.93
1.5
0.74
0.08
0.32
0.61
0.6
0.57
1.26
0.97
0.22
1.17
0.26
0.76
0.7
0.24
0.18
0.1
0.18
0.81
0.53
0.61
0.15
0.39
0.91
0.69
0.02
1.08
0.01
0.86
0.45
0.13
0.14
0.45
0.48
0.43
0.55
0.61
0.7
0.15
0.72
0.9
0.4
1.35
1.06
0.64
1.07
0.46
0.41
0.45
0.8
1.25
0.9
0.8
1.27
0.12
0.07
0.99
0.81
0.53
2
0.73
0.1
0.73
0.6
1.25
0.77
0.44
0.46
0.25
0.15
0.63
0.53
0.71
0.91
0.54
0.84
0.62
0.55
0.83
0.5
0.06
0.25
0.85
0.72
1.03
0.4
0.79
0.63
0.56
1.19
0.85
0.82
0.12
0.02
0.79
0.24
0.51
0.96
0.59
0.54
0.9
0.44
0.17
0.72
0.25
0.96
0.77
0.2
1.42
0.17
0.46
0.11
0.68
0.67
0.83
0.3
0.67
0.55
0.03
0.03
0.75
0.85
1.05
0.84
0.38
0.12
1.02
0.81
0.37
0.46
0.61
0.33
0.26
0.4
0.31
1.33
0.21
0.31
0.07
0.05
0.44
0.72
0.94
0.31
0.6
0.63
0.12
0.6
0.67
0.45
0.64
0.32
0.71
0.04
0.04
0.33
0.56
1.08
0.58
0.49
0.44
0.12
0.46
0.93
0.52
1.38
0.36
0.39
0.41
0.09
0.52
0.77
0.46
0.41
0.62
0.62
0.79
0.48
0.96
0.06
1
0.94
0.25
0.02
1.02
0.91
0.48
0.41
1.28
0.61
0.63
0.18
0.04
1.08
0.04
0.51
0.39
0.58
0.45
1.04
0.85
0.88
0.16
0.66
0.28
1.27
0.64
0.3
0.64
0.26
0.88
0.27
1.09
0.92
0.95
0.58
0.11
0.5
0.64
0.23
0.37
0.93
0.65
1.01
0.6
0.61
0.77
0.2
0.74
0.02
0.62
0.38
1.23
0.89
1.26
0.15
0.58
0.42
0.4
0.54
0.72
0.39
0.26
0.23
0.79
0.6
0.53
0.43
0.96
0.8
0.64
0.73
0.16
0.55
0.96
0.16
0.75
0.93
0.75
0.84
0.62
0.83
0.14
0.56
0.43
0.44
0.72
0.12
0.69
0.27
0.66
0.36
0.08
0.53
1.47
0.03
0.16
0.52
0.53
0.03
0.69
0.41
0.44
1.37
0.56
0.71
1.03
0.42
0.49
0.18
0.19
0.89
1.1
0.76
0.37
0.05
0.83
0.82
0.49
0.4
0.34
0.07
0.7
0.73
0.33
0.98
0.47
0.76
0.43
0.07
0.33
0.53
0.59
0.51
0.44
1.08
0.69
0.03
0.59
0.68
0.2
0.9
0.86
0.74
0.6
0.39
0.97
0.29
0.58
1.01
0.76
0.09
0.06
0.29
0.02
0.6
0.45
0.31
0.42
0.44
0.54
0.38
0.47
0.12
0.67
0.46
0.67
0.47
0.95
0.87
0.04
0.45
0.9
0.17
0.92
0.34
0.14
0.13
0.79
1.06
0.53
0.56
0.66
0.46
0.35
0.89
0.49
0.81
0.52
0.44
0.04
0.04
0.78
0.66
0.68
0.2
0.62
0.14
0.7
0.88
0.66
1.08
0.18
0.18
0.03
0.21
0.98
0.5
0.64
0.39
0.34
0.55
0.39
0.82
0.4
0.4
0.24
0.6
0.05
0.87
0.76
0.82
0.34
0.65
0.64
0.87
0.28
0.48
0.66
0.12
0.65
0.42
1.12
0.16
0.7
0.64
0.06
0.6
0.54
0.24
0.87
0.52
0.23
0.27
0.4
0.46
0.52
0.05
0.39
0.3
0.49
0.59
0.59
0.42
0.32
0.09
0.58
0.66
0.45
0.9
1.02
0.3
0.61
0.56
0.63
0.5
0.15
0.61
0.12
0.45
0.1
0.21
0.11
0.38
0.3
0.69
0.72
0.54
0.05
0.37
0.1
0.63
0.26
0.63
0.15
0.88
0.69
0.02
0.8
0.25
0.34
0.11
0.81
0.48
0.09
0.62
0.95
0.63
0.46
0.11
0.76
0.61
0.56
0.41
0.02
0.62
0.27
0.38
1.18
0.6
0.04
0.23
0.96
0.09
0.83
0.48
0.44
0.41
0.12
1.58
0.69
0.36
0.41
0.09
1.1
0.6
0.37
0.26
0.48
0.43
0.6
0.69
0.65
0.53
0.45
0.35
0.18
0.6
0.5
0.53
0.57
0.88
0.09
0.53
0.11
0.02
0.76
0.6
0.4
0.78
0.54
0.14
0.36
0.19
0.17
0.43
0.38
0.59
0.67
0.59
0.57
0.46
0.38
0.87
0.48
0.8
0.55
0.96
0.46
0.44
0.87
0.43
0.02
0.76
0.07
0.58
0.66
0.65
0.63
0.29
0.05
0.52
0.15
0.58
0.69
0.43
0.39
0.9
0.55
0.05
0.06
0.04
0.48
0.05
0.4
0.31
0.05
0.51
0.64
0.44
0.43
0.15
1.16
0.06
0.03
0.27
0.77
1.16
0.47
0.32
0.62
0.52
0.05
0.78
0.07
0.27
0.1
0.36
0.49
0.14
0.2
0.38
0.43
0.52
0.36
1.1
0.69
0.47
0.69
0.37
0.25
0.35
0.5
0.67
0.88
0.57
0.35
0.28
0.51
0.56
0.2
0.51
0.59
0.77
0.91
0.37
0.18
0.43
0.4
0.03
0.19
0.38
0.29
0.56
0.55
0.09
0.37
0.4
0.08
0.55
0.69
0.24
0.82
0.2
0.46
0.48
0.47
0.11
0.55
0.35
0.17
0.45
0.32
0.05
0.31
0.49
1.08
0.07
0.68
0.34
0.89
0.32
0.08
0.37
0.54
0.38
0.39
0.75
0.57
0.23
0.19
0.54
1.13
0.33
0.42
0.46
0.56
0.54
0.05
0.77
0.22
0.08
0.12
0.48
0.47
0.37
0.38
0.06
0.07
0.4
0.28
0.62
0.37
0.43
0.51
0.69
0.34
0.47
0.39
0.17
0.54
0.33
0.28
0.5
0.39
0.08
0.2
0.38
0.44
0.52
0.65
1.05
0.78
0.53
0.19
0.16
0.17
0.18
0.38
0.3
0.69
0.53
0.37
0.37
0.62
0.32
0.43
0.21
0.18
0.7
0.54
0.53
0.53
0.02
0.01
0.47
0.52
0.41
0.45
0.59
0.33
0.55
0.56
0.7
0.45
0.57
0.66
0.34
0.04
0.08
0.08
0.52
0.6
0.52
0.03
0.42
0.57
0.5
0.65
0.05
0.87
0.58
0.44
0.04
1.04
0.76
0.73
0.03
0.89
0.21
0.34
0.44
0.27
0.49
0.16
0.28
0.27
0.43
0.45
0.75
0.03
0.22
0.05
0.04
0.02
0.21
0.51
0.35
0.06
0.05
0.5
0.35
0.24
0.38
0.35
0.5
0.35
0.59
0.51
0.49
0.34
0.56
0.31
0.13
0.16
1.16
0.08
0.48
0.5
0.48
0.04
0.41
0.37
0.5
0.34
0.5
0.29
0.5
0.58
0.55
0.45
0.5
0.67
0.07
0.5
0.35
0.43
0.23
0.08
0.35
0.04
0.47
0.44
0.02
0.2
0.41
0.56
0.38
0.68
0.16
0.39
0.02
0.27
0.49
0.56
0.34
0.05
0.01
0.49
0.3
0.67
0.47
0.56
0.47
0.05
0.03
0.38
0.49
0.44
0.14
0.59
0.16
0.49
0.66
0.49
0.4
0.14
0.47
0.05
0.33
0.35
0.29
0.03
0.48
0.08
0.16
0.37
0.16
0.47
0.39
0.38
0.2
0.19
0.4
0.3
0.48
0.26
0.44
0.36
0.69
0.39
0.72
0.03
1.01
1.13
1.15
0.22
0.02
0.55
0.56
0.37
0.47
0.41
0.07
0.41
0.16
0.13
0.13
0.19
0.04
0.53
0.61
0.35
0.05
0.62
0.48
0.56
0.16
0.03
0.67
0.48
0.44
0.19
0.22
0.42
0.38
0.4
0.02
0.89
0.47
0.02
0.2
0.4
0.57
0.47
0.47
0.47
0.35
0.49
0.17
0.33
0.47
0.42
0.06
0.27
0.13
0.4
0.5
0.55
0.64
0.18
0.03
0.16
0.07
0.08
0.3
0.31
0.46
0.05
0.27
0.46
0.19
0.46
0.46
0.46
0.04
0.24
0.4
0.04
0.05
0.44
0.14
0.6
0.48
0.49
0.17
0.48
0.46
0.69
0.37
0.32
0.39
0.46
0.38
0.88
0.46
0.63
0.64
0.04
0.74
1.04
0.13
0.05
0.39
0.43
0.28
0.46
0.69
0.45
0.32
0.5
0.38
0.23
0.84
0.23
0.04
0.14
0.13
0.16
0.38
0.31
0.47
0.27
0.24
0.03
0.35
0.45
0.42
0.64
0.07
0.5
0.18
0.24
0.19
0.31
0.23
0.14
0.44
0.04
0.45
0.24
0.1
0.48
0.16
0.45
0.59
0.38
0.45
0.69
0.45
0.44
0.48
0.11
0.36
0.26
1.06
0.44
0.25
0.46
0.04
0.44
0.27
0.51
0.06
0.44
0.27
0.16
0.28
0.08
0.44
0.36
0.66
0.24
0.28
0.5
0.48
1.14
0.44
0.39
0.44
0.31
0.95
0.07
0.45
0.2
0.52
0.67
0.16
1.12
0.44
0.57
0.43
0.43
0.34
0.03
0.17
0.32
0.46
0.26
0.51
0.04
0.23
0.37
0.23
0.16
0.17
0.38
0.3
0.03
0.51
0.45
0.21
0.4
0.1
0.39
0.45
0.1
0.27
0.3
0.58
0.43
0.12
0.05
0.58
0.37
0.57
0.43
0.37
0.3
0.56
0.33
0.06
0.43
0.24
0.74
0.4
0.36
0.4
0.06
0.19
0.3
1.12
0.2
0.23
0.26
0.36
0.29
0.29
0.23
Action
0.04
0.49
0.06
0.38
0.14
0.07
0.13
0.32
0.37
0.52
0.35
0.06
0.06
0.35
0.42
0.12
0.33
0.12
0.42
0.4
0.75
0.84
0.21
0.42
0.45
0.56
0.52
0.1
0.51
0.04
0.39
0.29
0.09
0.05
0.33
0.7
0.02
0.34
0.03
0.25
0.42
0.46
0.38
0.17
0.41
0.41
0.41
0.35
0.18
0.41
0.97
0.51
0.28
0.4
0.06
0.34
0.3
0.58
0.34
0.41
0.4
0.29
0.29
0.18
0.47
0.54
0.03
0.03
0.69
0.32
0.4
0.98
0.12
0.01
0.12
0.18
0.42
0.4
0.9
0.15
0.36
0.42
0.12
0.63
0.34
0.38
0.2
0.4
0.4
0.04
0.41
0.49
0.3
0.58
0.39
0.4
0.41
0.81
0.41
0.33
0.05
0.04
0.4
0.49
0.02
0.46
0.28
0.4
0.28
0.3
0.35
0.39
0.57
0.65
0.66
0.01
0.05
0.31
0.11
0.05
0.01
0.4
0.49
0.26
0.11
0.41
0.51
0.58
0.13
0.4
0.48
0.4
0.37
0.06
0.49
0.39
0.3
0.12
0.03
0.46
0.2
0.1
0.16
0.48
0.5
0.46
0.39
0.63
0.35
0.03
0.34
0.32
0.39
0.48
0.05
0.47
0.39
0.31
0.3
0.42
0.07
0.12
0.32
0.71
0.57
0.59
0.26
0.01
0.36
0.26
0.06
0.05
0.32
0.12
0.39
0.28
0.65
0.31
0.4
0.32
0.42
0.03
0.47
0.01
0.39
0.05
0.4
0.38
0.46
0.34
0.04
0.46
0.12
0.93
0.45
0.22
0.34
0.64
0.34
0.08
0.36
0.26
0.38
0.19
0.35
0.24
0.14
0.25
0.15
0.1
0.18
0.76
0.9
0.38
0.38
0.38
0.1
0.49
0.38
0.21
0.17
0.2
0.2
0.06
0.33
0.38
0.23
0.52
0.15
0.2
0.52
0.04
0.3
0.27
0.29
0.78
0.27
0.53
0.31
0.32
0.64
0.18
0.88
0.19
0.13
0.03
0.04
0.5
0.06
0.26
0.23
0.24
0.32
0.02
0.21
0.02
0.93
0.18
0.26
0.32
0.01
0.37
0.03
0.35
0.04
0.6
0.44
0.04
0.29
0.34
0.05
0.37
0.19
0.37
0.25
0.62
0.41
0.36
0.36
0.22
0.06
0.37
0.81
0.4
0.37
0.28
0.15
0.56
0.38
0.04
0.43
0.29
0.36
0.36
0.03
0.54
0.45
0.32
0.19
0.33
0.27
0.04
0.21
0.41
0.13
0.17
0.32
0.21
0.52
0.25
0.36
0.22
0.24
0.43
0.46
0.46
0.33
0.43
0.05
0.03
0.71
0.32
0.19
0.27
0.36
0.36
0.16
0.39
0.03
0.39
0.2
0.07
0.06
0.3
0.27
0.17
0.35
0.03
0.53
0.33
0.36
0.03
0.36
0.32
0.49
0.05
0.25
0.3
0.28
0.16
0.5
0.25
0.05
0.14
0.2
0.06
0.09
0.43
0.25
0.25
0.03
0.19
0.01
0.09
0.45
0.4
0.35
0.34
0.43
0.53
0.41
0.35
0.2
0.35
0.35
0.03
0.16
0.05
0.08
0.34
0.26
0.35
0.35
0.09
0.27
0.21
0.2
0.42
0.26
0.18
0.35
0.08
0.32
0.57
0.17
0.32
0.35
0.51
0.27
0.09
0.35
0.3
0.24
0.41
0.27
0.25
0.83
0.17
0.8
0.13
0.11
0.11
0.41
0.32
0.26
0.46
0.35
0.26
0.28
0.39
0.35
0.15
0.03
0.31
0.37
0.32
0.39
0.34
0.42
0.42
0.51
0.34
0.13
0.25
0.13
0.43
0.05
0.03
0.22
0.46
0.36
0.34
0.27
0.24
0.05
0.34
0.34
0.24
0.03
0.1
0.22
0.11
0.03
0.62
0.17
0.16
0.37
0.49
0.27
0.18
0.33
0.11
0.34
0.33
0.29
0.35
0.25
0.25
0.43
0.34
0.18
0.51
0.68
0.29
0.47
0.37
0.3
0.36
0.79
0.46
0.59
0.37
0.33
0.34
0.12
0.06
0.33
0.33
0.22
0.29
0.28
0.79
0.09
0.35
0.33
0.33
0.19
0.33
0.33
0.62
0.24
0.4
0.24
0.26
0.29
0.03
0.11
0.81
0.18
0.33
0.3
0.03
0.33
0.44
0.4
0.44
0.29
0.03
0.37
0.32
0.33
0.27
0.3
0.2
0.09
0.05
0.42
0.39
0.59
0.2
0.2
0.54
0.38
0.21
0.72
0.33
0.33
0.04
0.31
0.32
0.51
0.13
0.19
0.32
0.65
0.42
0.62
0.09
0.18
0.07
0.36
0.29
0.32
0.33
0.1
0.31
0.16
0.32
0.32
0.23
0.25
0.3
0.27
0.35
0.17
0.24
0.12
0.36
0.17
0.28
0.01
0.3
0.32
0.25
0.32
0.32
0.34
0.16
0.32
0.46
0.28
0.22
0.05
0.32
0.04
0.01
0.15
0.19
0.03
0.32
0.25
0.22
0.21
0.18
0.33
0.31
0.31
0.26
0.03
0.32
0.3
0.21
0.31
0.31
0.17
0.19
0.26
0.2
0.16
0.22
0.17
0.03
0.12
0.03
0.21
0.11
0.19
0.1
0.24
0.11
0.05
0.33
0.31
0.04
0.19
0.38
0.42
0.31
0.18
0.33
0.04
0.31
0.07
0.16
0.41
0.05
0.25
0.25
0.08
0.12
0.58
0.31
0.05
0.31
0.34
0.35
0.27
0.03
0.18
0.39
0.3
0.02
0.03
0.16
0.3
0.31
0.26
0.21
0.3
0.39
0.28
0.33
0.39
0.33
0.2
0.24
0.09
0.33
0.27
0.01
0.38
0.04
0.02
0.29
0.3
0.16
0.29
0.26
0.3
0.27
0.35
0.24
0.07
0.15
0.03
0.22
0.23
0.23
0.42
0.35
0.03
0.22
0.21
0.03
0.49
0.46
0.2
0.34
0.5
0.37
0.77
0.29
0.29
0.04
0.25
0.21
0.3
0.04
0.27
0.09
0.31
0.3
0.26
0.06
0.29
0.11
0.04
0.01
0.19
0.02
0.05
0.16
0.22
0.33
0.29
0.32
0.05
0.34
0.56
0.29
0.29
0.04
0.23
0.33
0.02
0.02
0.04
0.29
0.49
0.35
0.14
0.18
0.04
0.43
0.3
0.22
0.2
0.21
0.29
0.29
0.17
0.29
0.08
0.14
0.19
0.32
0.04
0.29
0.12
0.3
0.35
0.5
0.09
0.38
0.02
0.23
0.29
0.11
0.31
0.04
0.28
0.23
0.32
0.16
0.03
0.25
0.29
0.29
0.37
0.12
0.2
0.23
0.27
0.24
0.32
0.31
0.18
0.29
0.02
0.23
0.31
0.29
0.39
0.48
0.21
0.66
0.25
0.37
0.26
0.38
0.39
0.19
0.19
0.2
0.28
0.23
0.29
0.11
0.24
0.19
0.32
0.04
0.45
0.24
0.67
0.46
0.17
0.02
0.2
0.23
0.29
0.03
0.28
0.25
0.23
0.28
0.02
0.03
0.16
0.21
0.01
0.37
0.18
0.37
0.48
0.27
0.28
0.1
0.29
0.19
0.2
0.28
0.13
0.27
0.27
0.28
0.15
0.31
0.12
0.06
0.28
0.45
0.17
0.35
0.12
0.11
0.55
0.15
0.34
0.21
0.25
0.41
0.09
0.24
0.13
0.37
0.15
0.08
0.3
0.17
0.17
0.02
0.28
0.29
0.16
0.11
0.04
0.32
0.07
0.16
0.35
0.02
0.29
0.19
0.37
0.24
0.28
0.15
0.01
0.19
0.02
0.42
0.31
0.13
0.3
0.27
0.53
0.02
0.15
0.17
0.29
0.02
0.27
0.07
0.27
0.28
0.04
0.04
0.19
0.37
0.19
0.46
0.5
0.04
0.14
0.36
0.32
0.27
0.53
0.4
0.24
0.02
0.03
0.01
0.36
0.3
0.27
0.69
0.15
0.04
0.27
0.14
0.27
0.2
0.27
0.13
0.14
0.19
0.27
0.04
0.09
0.18
0.13
0.2
0.14
0.1
0.27
0.07
0.27
0.27
0.15
0.26
0.01
0.22
0.14
0.21
0.27
0.26
0.16
0.14
0.27
0.14
0.14
0.19
0.27
0.27
0.19
0.18
0.49
0.03
0.41
0.43
0.1
0.19
0.27
0.26
0.31
0.27
0.25
0.13
0.27
0.22
0.37
0.14
0.18
0.36
0.04
0.33
0.26
0.22
0.19
0.13
0.02
Activision
0.31
0.44
0.31
0.25
0.18
0.14
0.26
0.33
0.23
0.17
0.3
0.14
0.36
0.21
0.14
0.32
0.24
0.39
0.09
0.26
0.18
0.25
0.31
0.26
0.2
0.04
0.17
0.08
0.2
0.02
0.26
0.08
0.14
0.34
0.02
0.11
0.11
0.17
0.1
0.25
0.38
0.15
0.22
0.18
0.28
0.36
0.26
0.16
0.16
0.29
0.25
0.59
0.25
0.18
0.39
0.25
0.25
0.17
0.17
0.48
0.31
0.21
0.13
0.27
0.03
0.66
0.35
0.25
0.36
0.23
0.03
0.22
0.48
0.16
0.64
0.25
0.15
0.01
0.03
0.22
0.2
0.3
0.45
0.02
0.33
0.04
0.25
0.01
0.54
0.25
0.25
0.25
0.24
0.16
0.02
0.1
0.13
0.17
0.43
0.1
0.52
0.4
0.18
0.25
0.25
0.1
0.53
0.3
0.08
0.33
0.2
0.3
0.04
0.27
0.2
0.22
0.17
0.13
0.03
0.32
0.17
0.19
0.08
0.14
0.25
0.25
0.22
0.1
0.24
0.21
0.25
0.23
0.14
0.12
0.57
0.11
0.25
0.25
0.09
0.25
0.17
0.22
0.01
0.13
Action
0.23
0.17
0.02
0.25
0.13
0.15
0.5
0.04
0.25
0.02
0.24
0.05
0.24
0.18
0.22
0.2
0.28
0.22
0.58
0.19
0.29
0.16
0.07
0.17
0.38
0.31
0.25
0.25
0.23
0.15
0.13
0.14
0.02
0.2
0.13
0.19
0.24
0.04
0.15
0.1
0.22
0.17
0.35
0.6
0.12
0.33
0.12
0.04
0.31
0.04
0.32
0.27
0.17
0.17
0.34
0.09
0.24
0.03
0.04
0.21
0.14
0.2
0.24
0.17
0.02
0.24
0.33
0.12
0.03
0.1
0.06
0.33
0.19
0.02
0.24
0.4
0.2
0.44
0.02
0.17
0.13
0.05
0.09
0.09
0.34
0.27
0.11
0.23
0.09
0.17
0.04
0.42
0.2
0.24
0.2
0.19
0.03
0.06
0.24
0.24
0.39
0.24
0.16
0.13
Activision
0.22
0.14
0.21
0.22
0.2
0.24
0.13
0.24
0.13
0.23
0.03
0.13
0.34
0.24
0.2
0.27
0.26
0.16
0.25
0.1
0.22
0.2
0.24
0.23
0.24
0.03
0.2
0.14
0.24
0.29
0.21
0.12
0.26
0.04
0.03
0.09
0.02
0.16
0.25
0.26
0.41
0.57
0.34
0.18
0.36
0.03
0.04
0.13
0.02
0.27
0.07
0.01
0.19
0.16
0.02
0.29
0.05
0.23
0.16
0.22
0.12
0.27
0.16
0.23
0.22
0.21
0.34
0.23
0.21
0.23
0.1
0.21
0.22
0.44
0.1
0.18
0.16
0.21
0.16
0.23
0.16
0.12
0.16
0.02
0.16
0.29
0.02
0.08
0.16
0.23
0.16
0.15
0.02
0.1
0.29
0.23
0.06
0.16
0.19
0.13
0.23
0.02
0.1
0.14
0.22
0.18
0.24
0.23
0.23
0.02
0.23
0.26
0.08
0.23
0.23
0.25
0.28
Action
0.12
0.16
0.27
0.23
0.23
0.09
0.13
0.38
0.34
0.23
0.17
0.24
0.19
0.31
0.23
0.03
0.18
0.02
0.21
0.23
0.2
0.35
0.2
0.14
0.22
0.22
0.12
0.53
0.22
0.23
0.12
0.03
0.17
0.13
0.12
0.03
0.38
0.22
0.11
0.11
0.34
0.08
0.22
0.17
0.27
0.22
0.27
0.22
0.22
0.12
0.13
0.22
0.13
0.28
0.18
0.22
0.21
0.17
0.25
0.22
0.02
0.23
0.13
0.19
0.03
0.04
0.34
0.37
0.17
0.02
0.04
0.23
0.33
Activision
0.15
0.22
0.15
0.22
0.21
0.19
0.24
0.3
0.39
0.4
0.15
0.22
0.22
0.16
0.22
0.22
0.22
0.15
0.37
0.02
0.22
0.22
0.1
0.34
0.32
0.22
0.12
0.02
0.22
0.02
0.22
0.02
0.03
0.2
0.44
0.02
0.22
0.18
0.16
0.24
0.22
0.15
0.19
0.22
0.15
0.23
0.01
0.08
0.02
0.2
0.02
0.18
0.11
0.15
0.1
Action
0.24
0.02
0.08
0.12
0.21
0.08
0.12
0.08
0.01
0.03
0.23
0.22
0.02
0.11
0.14
0.11
0.1
0.21
0.04
0.11
0.23
0.3
0.25
0.14
0.16
0.15
0.36
0.21
0.22
0.22
0.22
0.11
0.28
0.08
0.07
0.11
0.18
0.15
0.15
0.14
0.3
0.22
0.15
0.22
0.17
0.11
0.14
0.22
0.31
0.25
0.21
0.4
0.15
0.21
0.11
0.21
0.21
0.21
0.15
0.22
0.21
0.15
0.21
0.01
0.11
0.21
0.31
0.11
0.09
0.02
0.21
0.12
0.07
0.21
0.01
0.02
0.21
0.15
0.22
0.15
0.15
0.21
0.02
0.16
0.17
0.2
0.24
0.03
0.26
0.21
0.37
0.09
0.15
0.21
0.12
0.18
0.05
0.17
0.21
0.08
0.02
0.21
0.01
0.11
0.22
0.13
0.2
0.03
0.21
0.21
0.02
0.16
0.21
0.52
0.11
0.18
0.08
0.21
0.24
0.21
0.3
0.01
0.27
0.25
0.33
0.13
0.13
0.35
0.45
0.22
0.15
0.15
0.18
0.34
0.2
0.38
0.14
0.24
0.02
0.03
0.21
0.21
0.12
0.23
0.03
0.1
0.12
0.06
0.23
0.12
0.17
0.42
0.35
0.16
0.02
0.11
0.21
0.11
0.14
0.33
0.26
0.19
0.21
0.08
0.21
0.04
0.1
0.03
0.39
0.1
0.4
0.11
0.25
0.02
0.23
0.06
0.08
0.04
0.07
0.14
0.11
0.06
0.21
0.1
0.16
0.07
0.02
0.2
0.18
0.23
0.09
0.03
0.2
0.2
0.27
0.11
0.2
0.2
0.01
0.2
0.05
0.05
0.02
0.18
0.15
0.2
0.07
0.15
0.01
0.2
0.14
0.02
0.2
0.07
0.2
0.07
0.11
0.2
0.2
0.2
0.11
0.23
0.13
0.2
0.13
0.24
0.02
0.17
0.19
0.19
0.2
0.19
0.2
0.13
0.03
0.04
0.09
0.01
0.07
0.11
0.21
0.21
0.29
0.27
0.26
0.23
0.13
0.2
0.09
0.28
0.17
0.11
0.28
0.2
0.02
0.01
0.12
0.03
0.03
0.2
0.2
0.09
0.2
0.12
0.19
0.26
0.15
0.01
0.19
0.2
0.29
0.2
0.14
0.04
0.01
0.2
0.09
0.11
0.2
0.19
0.07
0.25
0.2
0.25
0.31
0.08
0.24
0.13
0.19
0.2
0.15
0.12
0.14
0.01
0.2
0.13
0.07
0.2
0.26
0.03
0.14
0.08
0.05
0.03
0.14
0.11
0.11
0.21
0.2
0.19
0.2
0.29
0.1
0.07
0.26
0.21
0.36
0.15
0.03
0.2
0.11
0.05
0.2
0.03
0.1
0.2
0.08
0.19
0.11
0.23
0.12
0.15
0.21
0.32
THQ
0.09
0.26
0.04
0.12
0.24
0.27
0.14
0.03
0.12
0.46
0.02
0.2
0.19
0.08
0.16
0.11
0.19
0.21
0.13
0.11
0.19
0.03
0.17
0.01
0.19
0.18
0.19
0.2
0.13
0.02
0.19
0.13
0.03
0.01
0.28
0.03
0.06
0.12
0.03
0.1
0.19
0.19
0.02
0.01
0.19
0.19
0.03
0.22
0.19
0.19
0.02
0.34
0.02
0.27
0.2
0.13
0.22
0.07
0.24
0.2
0.09
0.32
0.19
0.05
Activision
0.01
0.19
0.1
0.07
0.34
0.04
0.19
0.19
0.02
0.08
0.01
0.1
0.19
0.19
0.13
0.21
0.02
0.01
0.19
0.03
0.19
0.03
0.03
0.14
0.02
0.15
0.03
0.06
0.13
0.15
0.42
0.02
0.34
0.01
0.03
0.02
0.12
0.1
0.01
0.02
0.14
0.1
0.03
0.13
0.13
0.03
0.13
0.21
0.1
0.12
0.11
0.16
0.3
0.15
0.03
0.04
0.22
0.19
0.15
0.16
0.19
0.12
0.3
0.23
0.16
Activision
0.09
0.18
0.19
0.11
0.18
0.45
0.05
0.31
0.09
0.1
0.3
0.47
0.07
0.02
0.13
0.13
0.45
0.11
0.03
0.16
0.14
0.18
0.02
0.19
0.18
0.17
0.15
0.01
0.19
0.2
0.18
0.15
0.13
0.18
0.06
0.04
0.02
0.18
0.02
0.13
0.01
0.12
Activision
0.18
0.21
0.14
0.1
0.18
0.02
0.18
0.47
0.05
0.13
0.11
0.03
0.27
0.05
0.03
0.35
0.18
0.01
0.48
0.11
0.02
0.16
0.02
0.03
0.18
0.01
0.02
0.01
0.15
0.17
0.02
0.04
0.18
0.23
0.18
0.1
0.16
0.18
0.36
0.39
0.08
0.17
0.27
0.04
0.03
0.03
0.18
0.23
0.2
0.02
0.18
0.08
0.06
0.17
0.08
0.2
0.25
0.18
0.02
0.18
0.1
0.1
0.02
0.22
0.18
0.01
0.27
0.01
0.03
0.18
0.1
0.12
0.19
0.27
0.33
0.01
0.01
0.18
0.06
0.13
0.12
0.12
0.02
0.03
0.18
0.09
0.08
0.04
0.18
0.18
0.22
0.12
0.22
0.09
0.1
0.44
0.11
0.01
0.01
0.02
0.12
0.03
0.05
0.29
0.17
0.12
0.15
0.12
0.1
0.12
0.12
0.18
0.01
0.16
0.01
0.12
0.15
0.17
0.17
0.15
0.25
0.01
0.15
0.03
0.18
0.23
0.18
0.12
0.12
0.01
0.27
0.15
0.13
0.17
0.21
0.38
0.17
0.17
0.17
0.13
0.11
0.06
0.09
0.08
0.14
0.17
0.12
0.24
0.11
0.12
0.15
0.17
0.34
0.09
0.21
0.1
0.17
0.05
0.06
0.14
0.17
0.01
0.11
0.01
0.03
0.17
0.27
0.17
0.17
0.2
0.1
0.02
0.02
0.23
0.11
0.03
0.05
0.17
0.03
0.38
0.12
0.13
0.02
0.15
0.17
0.08
0.08
0.26
0.05
0.21
0.12
0.03
0.12
0.02
0.15
0.02
0.28
0.06
0.02
0.03
0.09
0.17
0.1
0.09
0.16
0.02
0.09
0.02
0.07
0.2
0.17
0.27
0.17
0.09
0.21
0.21
0.39
0.29
0.14
0.03
0.17
0.26
0.12
0.22
0.11
0.15
0.17
0.13
0.01
0.04
0.01
0.33
0.02
0.17
THQ
0.17
0.17
0.15
0.24
0.12
0.14
0.21
0.18
0.26
0.14
0.17
0.1
0.03
0.08
0.01
0.1
0.17
0.04
0.05
0.15
0.1
0.23
0.01
0.17
0.17
0.15
0.29
0.14
0.03
0.08
0.08
0.01
THQ
0.2
0.17
0.12
0.13
0.08
0.17
0.09
0.12
0.12
0.03
0.28
0.18
0.02
0.14
0.09
0.12
0.13
0.09
0.12
0.01
0.04
0.02
0.06
0.12
0.12
0.17
0.01
0.12
0.25
0.15
0.07
0.05
0.1
0.17
0.21
0.07
0.09
0.19
0.12
0.02
0.16
0.09
0.12
0.13
0.13
0.2
0.36
0.18
0.02
0.17
0.13
0.34
0.14
0.18
0.16
0.13
0.17
0.11
0.09
0.17
0.02
0.17
0.11
0.07
0.14
0.12
0.09
0.11
0.04
0.16
0.06
0.14
0.01
0.01
0.16
0.06
0.07
0.12
0.11
0.07
0.16
0.11
0.05
0.03
0.22
0.14
0.01
0.01
0.17
0.25
0.2
0.09
0.11
0.08
0.01
0.36
0.16
0.16
0.16
0.05
0.09
0.19
0.25
0.16
0.06
0.05
0.2
0.01
0.16
0.09
0.1
0.16
0.16
0.16
0.34
0.08
0.04
0.14
0.2
0.16
0.16
0.16
0.16
0.13
0.19
0.16
0.17
0.07
0.15
0.09
0.11
0.16
0.16
0.16
0.22
0.01
0.11
0.15
0.11
0.16
0.28
0.05
0.16
0.17
0.07
0.07
0.06
0.07
0.08
0.01
0.01
0.09
0.08
0.11
0.15
0.16
0.14
0.08
0.16
0.18
0.1
0.16
0.08
0.14
0.03
0.02
0.12
0.11
0.09
0.09
0.17
0.14
0.02
0.16
0.09
0.09
0.16
0.12
0.11
0.02
0.16
0.16
0.12
0.16
0.1
0.11
0.16
0.12
0.16
0.16
0.11
0.16
0.02
0.11
0.21
0.16
0.01
0.14
0.16
0.16
0.13
0.02
0.16
0.16
0.31
0.09
0.12
0.15
0.16
0.16
0.2
0.15
0.27
0.08
0.02
0.02
0.06
0.15
0.19
0.01
0.15
0.16
0.23
0.07
0.26
0.16
0.01
0.18
0.02
0.07
0.39
0.16
0.16
0.09
0.14
0.04
0.22
0.22
0.06
0.08
0.16
0.03
0.08
0.01
0.15
0.02
0.1
0.05
0.01
0.09
0.02
0.23
0.26
0.34
0.16
0.18
0.13
0.18
0.15
0.02
0.08
0.15
0.01
0.08
0.07
0.17
0.15
0.04
0.15
0.15
0.02
0.02
0.15
0.02
0.08
0.09
0.08
0.01
0.02
0.03
0.11
0.12
0.15
0.01
0.01
0.15
0.15
0.12
0.02
0.15
0.08
0.03
0.15
0.11
0.15
0.07
0.15
0.08
0.09
0.1
0.02
0.01
0.15
0.12
0.01
0.03
0.07
0.07
0.07
0.15
Activision
0.21
0.01
0.36
0.15
0.15
0.01
0.01
0.15
0.1
0.11
0.19
0.07
0.31
0.08
0.03
0.14
0.15
0.26
0.11
0.15
0.05
0.17
0.18
0.12
0.08
0.03
0.2
0.02
0.18
0.15
Action
0.33
0.12
0.15
0.15
0.08
0.02
0.02
0.01
0.15
0.15
0.22
0.3
0.15
0.11
0.03
0.15
0.14
0.01
0.16
0.11
0.15
0.14
0.15
0.02
0.15
0.1
0.04
0.01
0.18
0.32
0.2
0.08
0.04
0.12
0.2
0.09
0.09
0.07
0.02
0.01
0.15
0.08
0.14
0.12
0.16
0.26
0.08
0.06
0.1
0.03
0.07
0.07
0.07
0.01
0.15
0.06
0.12
0.19
0.12
0.18
0.15
0.17
0.13
0.15
0.17
0.15
0.16
0.1
0.15
0.11
0.15
0.1
0.06
0.02
0.15
0.01
0.08
0.15
0.29
0.13
0.14
0.05
0.15
0.02
0.11
0.04
0.16
0.24
0.16
0.1
0.13
0.15
0.14
0.15
0.2
0.05
0.15
0.13
0.08
0.15
0.36
0.02
0.1
0.02
0.01
0.15
0.02
0.08
0.1
0.15
0.36
0.02
0.17
0.05
0.09
0.08
0.08
0.01
0.14
0.17
0.15
0.15
0.24
0.08
0.11
0.23
0.15
0.1
0.04
0.15
0.21
0.28
0.05
0.15
0.15
0.01
0.16
0.07
0.14
0.08
0.01
0.14
0.32
0.11
0.16
0.15
0.06
0.05
0.12
0.14
0.22
0.01
0.14
0.02
0.13
0.04
0.15
0.33
0.02
0.14
0.08
0.13
0.07
0.13
0.14
0.14
0.08
0.34
0.12
0.22
0.02
0.17
0.07
0.09
0.16
0.2
0.06
0.07
0.08
0.02
0.15
0.04
0.06
0.14
0.13
0.29
0.14
0.14
0.2
0.14
0.14
0.21
0.12
0.01
0.14
0.2
0.02
0.14
0.04
0.02
0.06
0.06
0.18
0.02
0.07
0.18
0.19
0.08
0.22
0.07
0.07
0.28
0.1
0.11
0.15
0.01
0.1
0.2
0.12
0.27
0.13
0.21
0.22
0.02
0.17
0.15
0.07
0.07
0.13
0.34
0.16
0.02
0.09
0.16
0.01
0.18
0.04
0.12
0.07
0.21
0.06
0.03
0.14
0.22
0.09
0.02
0.08
0.32
0.11
ChunSoft
0.1
0.17
0.09
0.14
0.14
0.14
0.02
0.17
0.09
0.14
0.04
0.14
0.15
0.1
0.11
0.1
0.08
0.14
0.14
0.08
0.06
0.06
0.1
0.02
0.03
0.02
0.14
0.1
0.03
0.08
0.01
0.14
0.13
0.08
0.14
0.33
0.08
0.03
0.04
0.14
0.14
0.16
0.18
0.02
0.08
0.13
0.14
0.14
0.12
0.04
0.1
0.05
0.17
0.13
0.17
0.09
0.14
0.01
0.07
0.2
0.02
0.2
0.06
0.01
0.11
0.12
0.32
0.14
0.09
0.26
0.09
0.13
0.08
0.06
0.06
0.24
0.12
0.11
0.01
0.01
0.11
0.13
0.02
0.21
0.13
0.13
0.09
0.04
0.15
0.05
0.33
0.13
0.15
0.07
0.09
0.18
0.13
0.09
0.13
0.08
0.1
0.18
0.15
0.13
0.08
0.07
0.13
0.07
0.13
0.2
0.12
0.13
0.13
0.16
0.11
0.07
0.13
0.13
0.12
0.13
0.08
0.07
0.13
0.13
0.07
0.25
0.13
0.26
0.09
0.11
0.01
0.09
0.13
0.18
0.09
0.09
0.18
0.13
0.23
0.07
0.04
0.01
0.08
0.14
0.15
0.11
0.02
0.09
0.06
0.15
0.13
0.02
0.03
0.09
0.13
0.13
0.07
0.09
0.13
0.02
0.02
0.14
0.17
0.25
0.01
0.04
0.07
0.03
0.11
0.02
0.19
0.18
0.05
0.02
0.06
0.02
0.02
0.15
0.13
0.02
0.13
0.07
0.07
0.03
0.11
0.04
0.03
0.13
0.04
0.09
0.07
0.16
0.17
0.09
0.07
0.03
0.33
0.03
0.15
0.02
0.13
0.01
0.03
0.01
0.13
0.13
0.11
0.07
0.02
0.15
0.13
0.11
0.16
0.04
0.02
0.14
0.13
0.09
0.04
0.02
0.08
0.13
0.09
0.13
0.18
0.11
0.01
0.15
0.07
0.07
0.07
0.12
0.1
0.07
0.13
0.07
0.06
0.07
0.14
0.14
0.01
0.11
0.01
0.13
0.18
0.09
0.13
0.13
0.18
0.01
0.13
0.13
0.06
0.03
0.06
0.09
0.04
0.01
0.06
0.01
0.04
0.12
0.07
0.08
0.02
0.07
0.03
0.13
0.13
0.13
0.13
0.13
0.29
0.07
0.28
0.09
0.12
0.09
0.15
0.07
0.01
0.05
0.11
0.12
0.16
0.07
0.02
0.02
0.02
0.07
0.07
0.02
0.04
0.04
0.07
0.11
0.12
0.01
0.25
0.01
0.09
0.12
0.13
0.15
0.14
0.15
0.12
0.12
0.16
0.11
0.01
0.04
0.04
0.04
0.14
0.15
0.02
0.11
0.12
0.1
0.03
0.12
0.05
0.17
0.08
0.04
0.08
0.12
0.11
0.04
0.07
0.08
0.06
0.14
Take-Two Interactive
0.28
0.11
0.12
0.01
0.02
0.08
0.09
0.03
0.06
0.13
0.12
0.04
0.12
0.05
0.16
0.05
0.01
0.18
0.08
0.12
0.12
0.14
0.02
0.15
0.12
0.12
0.1
0.12
0.05
0.12
0.14
0.13
0.04
0.14
0.08
0.12
0.08
0.12
0.12
0.03
0.23
0.02
0.02
0.03
0.12
0.04
0.16
0.13
0.07
0.08
0.12
0.07
0.08
0.14
0.01
0.04
0.11
0.04
0.07
0.12
0.01
0.11
0.12
0.06
0.17
0.15
0.02
0.04
0.11
0.03
0.08
0.02
0.11
0.06
0.12
0.24
0.19
0.15
0.12
0.15
0.04
0.07
0.16
0.12
0.11
0.08
0.12
0.07
0.12
0.02
0.01
0.06
0.05
0.12
0.12
0.07
0.16
0.07
0.01
0.15
0.07
0.09
0.01
0.07
0.12
0.09
0.13
0.27
0.12
0.12
0.06
0.18
0.16
0.12
0.07
0.1
0.08
0.27
0.08
0.15
0.02
0.09
0.29
0.02
0.06
0.06
0.06
0.01
0.17
0.01
0.01
0.07
0.15
0.08
0.1
0.02
0.12
0.12
0.13
0.08
0.19
0.12
0.05
0.01
0.06
0.02
0.01
0.28
0.12
0.2
0.12
0.01
0.12
0.12
0.12
0.02
0.02
0.12
0.12
0.05
0.12
0.07
0.12
0.12
0.1
0.13
0.12
0.12
0.03
0.08
0.07
0.08
0.12
0.08
0.05
3DO
0.13
0.03
0.13
0.12
0.06
0.08
0.12
0.08
0.12
0.07
0.11
0.1
0.12
0.12
0.11
0.03
0.06
0.12
0.19
0.07
0.07
0.03
0.04
0.11
0.27
0.06
0.06
0.08
0.09
0.11
0.08
0.11
0.06
0.02
0.11
0.07
0.11
0.04
0.06
0.13
0.05
0.11
0.01
0.11
0.01
0.08
0.08
0.09
0.11
0.12
0.06
0.11
0.02
0.05
0.06
0.25
0.13
0.12
0.23
0.06
0.02
0.06
0.01
0.11
0.02
0.03
0.11
0.03
0.01
0.1
0.07
0.04
0.24
0.03
0.08
0.02
0.06
0.11
0.1
0.14
0.02
0.1
0.19
0.03
0.06
0.11
0.02
0.01
0.16
0.11
0.07
0.09
0.16
0.23
0.11
0.1
0.06
0.08
0.1
0.11
0.07
0.02
0.1
0.03
0.06
0.11
0.22
0.1
0.11
0.1
0.11
0.02
0.16
0.1
0.06
0.06
0.06
0.06
0.06
0.06
0.05
0.06
0.02
0.08
0.11
0.03
0.03
0.05
0.11
0.02
0.06
0.01
0.01
0.06
0.02
0.15
0.06
0.04
0.05
0.06
0.2
0.05
0.06
0.11
0.01
0.09
0.04
0.04
0.09
0.11
0.25
0.07
0.05
0.12
0.11
0.14
0.11
0.24
0.13
0.1
0.11
0.11
0.08
0.02
0.01
0.11
0.11
0.11
0.14
0.07
0.06
0.23
0.06
0.11
0.13
0.09
0.08
0.03
0.11
0.11
0.11
0.08
0.08
0.09
0.11
0.27
0.06
0.07
0.03
0.11
0.06
0.08
0.08
0.11
0.25
0.1
0.06
0.08
0.12
0.06
0.08
0.13
0.02
0.11
0.01
0.06
0.01
0.08
0.11
0.2
0.03
0.12
0.11
0.05
0.06
0.01
0.01
0.07
0.11
0.02
0.07
0.23
0.14
0.12
0.11
0.11
0.11
0.06
0.11
0.07
0.1
0.09
0.11
0.07
0.12
0.06
0.12
0.11
0.14
0.11
0.01
0.06
0.06
0.08
0.06
0.22
0.11
0.1
0.05
0.07
0.13
0.02
0.06
0.06
0.13
0.1
0.11
0.11
0.11
0.12
0.09
0.06
0.11
0.11
0.02
0.11
0.11
0.04
0.05
0.11
0.21
0.13
0.11
0.06
0.04
0.02
0.01
0.1
0.11
0.06
0.1
0.1
0.11
0.06
0.11
0.11
0.02
0.07
0.11
0.04
0.11
0.01
0.03
0.14
0.11
0.1
0.02
0.06
0.09
0.06
0.01
0.07
0.06
0.07
0.17
0.03
0.1
0.06
0.01
0.16
0.01
0.1
0.12
0.02
0.1
0.12
0.1
0.16
0.16
0.08
0.12
0.01
0.1
0.1
0.1
0.1
0.08
0.05
0.09
0.05
0.1
0.07
0.01
0.17
0.02
0.02
0.01
0.08
0.17
0.12
0.07
0.1
0.14
0.05
0.22
0.05
0.07
0.1
0.06
0.1
0.09
0.1
0.06
0.12
0.08
0.04
0.02
0.08
0.05
0.02
0.1
0.07
0.07
0.1
0.1
0.1
0.09
0.01
0.02
0.06
0.07
0.05
0.05
0.11
0.09
0.09
0.19
0.12
0.05
0.1
0.06
0.1
0.22
0.08
0.07
0.07
0.1
0.1
0.11
0.09
0.05
0.09
0.13
0.08
0.1
0.1
0.1
0.06
0.04
0.1
0.1
0.11
0.1
0.02
0.1
0.1
0.07
0.1
0.01
0.1
0.09
0.03
0.07
0.06
0.09
0.1
0.07
0.06
0.16
0.1
0.02
0.05
0.06
0.1
0.14
0.1
0.1
0.01
0.01
0.09
0.1
0.01
0.13
0.1
0.07
0.02
0.06
0.02
0.04
0.1
0.14
0.15
0.25
0.08
0.07
0.03
0.01
0.07
0.07
0.1
0.05
0.1
0.1
0.04
0.01
0.24
0.05
0.05
0.12
0.02
0.1
0.13
0.03
0.01
0.14
0.05
0.05
0.05
0.05
0.1
0.05
0.1
0.07
0.07
0.06
0.05
0.01
0.01
0.06
0.1
0.04
0.1
0.05
0.04
0.09
0.07
0.07
0.06
0.1
0.1
0.04
0.08
0.02
0.1
0.04
THQ
0.1
0.06
0.05
0.07
0.08
0.07
0.03
0.05
0.02
0.01
0.15
0.03
0.03
0.07
0.18
0.05
0.06
0.1
0.21
0.1
0.1
0.06
0.1
0.11
0.01
0.06
0.05
0.01
0.07
0.05
0.2
0.1
0.1
0.06
0.01
0.04
0.15
0.25
0.1
0.07
0.07
0.05
0.01
0.08
0.05
0.09
0.1
0.05
0.1
0.07
0.09
0.05
0.1
0.21
0.04
0.1
0.06
0.1
0.07
0.06
0.19
0.08
0.01
0.04
0.1
0.13
0.1
0.02
0.19
0.11
0.14
0.08
0.05
0.04
0.02
0.05
0.05
0.01
0.07
0.05
0.1
0.15
0.05
0.07
0.22
0.05
0.09
0.14
0.08
0.06
0.02
0.01
0.05
0.05
0.05
0.13
0.05
0.02
0.05
0.04
0.02
0.03
0.03
0.1
0.19
0.1
0.05
0.1
0.05
0.01
0.09
0.13
0.1
0.01
0.09
0.02
0.08
0.05
0.03
0.09
0.07
0.06
0.05
0.09
0.05
0.01
0.22
0.13
0.09
0.01
0.05
0.09
0.06
0.09
0.09
0.09
0.19
0.09
0.01
0.09
0.09
0.12
0.11
0.07
0.04
0.01
0.09
0.03
0.05
0.21
0.09
0.09
0.04
0.09
0.06
0.05
0.07
0.02
0.12
0.09
0.05
0.07
0.13
0.09
0.02
0.11
0.05
0.15
0.04
0.03
0.09
0.06
0.09
0.09
0.06
0.17
0.01
0.09
0.1
0.09
0.03
0.03
0.08
0.12
0.04
0.09
0.03
0.09
0.09
0.05
0.01
0.09
0.09
0.05
0.09
0.07
0.06
0.08
0.09
0.06
0.05
0.04
0.06
0.03
0.01
0.09
0.06
0.1
0.05
0.01
0.11
0.05
0.09
0.05
0.19
0.05
0.05
0.08
0.06
0.13
0.05
0.06
0.05
0.1
0.01
0.05
0.06
0.09
0.09
0.06
0.05
0.01
0.05
0.05
0.05
0.05
0.05
0.05
0.01
0.09
0.01
0.05
0.09
0.02
0.05
0.12
0.06
0.04
0.19
0.09
0.12
0.04
0.05
0.15
0.22
0.09
0.13
0.01
0.01
0.05
0.02
0.05
0.09
0.15
0.06
0.06
0.1
0.06
0.03
0.17
0.09
0.09
0.09
0.09
0.07
0.14
0.03
0.01
0.09
0.09
0.09
0.08
0.09
0.01
0.14
0.05
0.05
0.05
0.06
0.1
0.1
0.21
0.04
0.09
0.06
0.01
0.01
0.05
0.15
0.02
0.18
0.06
0.13
0.07
0.06
0.01
0.05
0.01
0.09
0.1
0.04
0.08
0.06
0.03
0.09
0.09
0.11
0.01
0.09
0.22
0.09
0.04
0.05
0.05
0.03
0.05
0.01
0.01
0.02
0.03
0.23
0.05
0.09
0.05
0.02
0.09
0.09
0.07
0.07
0.01
0.01
0.05
0.05
0.09
0.09
0.13
0.05
0.09
0.11
0.09
0.12
0.05
0.02
0.09
0.05
0.09
0.02
0.06
0.09
0.06
0.09
0.01
0.1
0.14
0.22
0.06
0.08
0.06
0.09
0.01
0.05
0.09
0.01
0.05
0.1
0.06
0.09
0.06
0.01
0.07
0.09
0.06
0.08
0.01
0.01
0.09
0.09
0.06
0.09
0.06
0.11
0.03
0.05
0.05
0.09
0.04
0.01
0.05
0.06
0.09
0.02
0.09
0.09
0.09
0.06
0.09
0.09
0.05
0.04
0.01
0.04
0.01
0.05
0.02
0.07
0.06
0.09
0.02
0.09
0.05
0.09
0.01
0.09
0.09
0.07
0.09
0.09
0.09
0.11
0.09
0.09
0.03
0.08
0.09
0.12
0.03
0.13
0.05
0.09
0.13
0.05
0.09
0.06
0.04
0.01
0.01
0.01
0.1
0.01
0.01
0.05
0.09
0.09
0.06
0.15
0.1
0.04
0.04
0.11
0.19
0.09
0.11
0.1
0.04
0.06
0.06
0.01
0.08
0.01
0.07
0.08
0.13
0.08
0.02
0.03
0.02
0.01
0.06
0.06
0.01
0.06
0.08
0.07
0.06
0.13
0.02
0.06
0.13
0.06
0.05
0.02
0.04
0.03
0.04
0.04
0.04
0.15
0.04
0.02
0.08
0.14
0.1
0.07
0.08
0.1
0.05
0.08
0.08
0.05
0.02
0.03
0.06
0.08
0.04
0.08
0.12
0.08
0.06
0.04
0.01
0.01
0.01
0.08
0.05
0.1
0.13
0.08
0.09
0.01
0.08
0.06
0.08
0.02
0.01
0.06
0.02
0.08
0.12
0.06
0.08
0.07
0.04
0.08
0.19
0.06
0.08
0.08
0.06
0.04
0.02
0.2
0.06
0.06
0.04
0.01
0.08
0.14
0.03
0.17
0.03
0.03
0.01
0.08
0.08
0.08
0.08
0.02
0.03
0.08
0.08
0.04
0.04
0.08
0.08
0.19
0.01
0.02
0.03
0.08
0.04
0.08
0.01
0.08
0.08
0.09
0.13
0.06
0.1
0.08
0.05
0.08
0.05
0.1
0.13
0.05
0.09
0.01
0.02
0.05
0.05
0.05
0.08
0.08
0.01
0.01
0.01
0.03
0.11
0.08
0.01
0.08
0.08
0.07
0.13
0.18
0.12
0.05
0.08
0.03
0.08
0.05
0.08
0.04
0.09
0.01
0.08
0.08
0.16
0.01
0.07
0.01
0.05
0.04
0.04
0.04
0.04
0.04
0.04
0.06
0.01
0.08
0.02
0.07
0.1
0.17
0.03
0.14
0.04
0.06
0.07
0.05
0.01
0.01
0.08
0.08
0.08
0.07
0.06
0.01
0.08
0.04
0.08
0.08
0.04
0.02
0.03
0.06
0.04
0.04
0.05
0.04
0.08
0.09
0.01
0.03
0.07
0.05
0.08
0.08
0.11
0.08
0.07
0.08
0.01
0.08
0.04
0.04
0.08
0.05
0.03
0.08
0.03
0.03
0.03
0.04
0.04
0.08
0.08
0.04
0.04
0.05
0.01
0.02
0.05
0.05
0.05
0.08
0.13
0.06
0.08
0.04
0.03
0.09
0.02
0.05
0.04
0.12
0.19
0.04
0.04
0.05
0.08
0.09
0.19
0.08
0.08
0.05
0.04
0.08
0.04
0.12
0.08
0.04
0.08
0.01
0.2
0.05
0.01
0.07
0.02
0.08
0.05
0.04
0.02
0.05
0.04
0.03
0.04
0.04
0.18
0.02
0.01
0.08
0.05
0.13
0.07
0.04
0.17
0.02
0.09
0.08
0.07
0.07
0.14
0.04
0.19
0.08
0.04
0.08
0.08
0.03
0.04
0.05
0.08
0.15
0.04
0.04
0.04
0.04
0.13
0.02
0.04
0.04
0.04
0.09
0.04
0.02
0.01
0.07
0.03
0.16
0.08
0.05
0.08
0.07
0.07
0.04
0.19
0.04
0.09
0.06
0.03
0.06
0.08
0.01
0.02
0.04
0.04
0.2
0.08
0.03
0.08
0.04
0.04
0.04
0.08
0.07
0.04
0.1
0.09
0.08
0.05
0.08
0.02
0.05
0.03
0.08
0.05
0.08
0.01
0.06
0.05
0.02
0.05
0.04
0.04
0.07
0.05
0.02
0.04
0.04
0.11
0.05
0.01
0.07
0.04
0.04
0.03
0.07
0.17
0.04
0.07
0.05
0.07
0.17
0.12
0.05
0.05
0.04
0.03
0.07
0.05
0.06
0.01
0.1
0.16
0.07
0.04
0.05
0.03
0.11
0.08
0.04
0.02
0.05
0.04
0.17
0.06
0.04
0.04
0.07
0.03
0.09
0.04
0.02
0.04
0.02
0.07
0.07
0.07
0.09
0.06
0.04
0.02
0.09
0.1
0.11
0.07
0.07
0.12
0.04
0.01
0.06
0.07
0.01
0.07
0.07
0.02
0.07
0.05
0.03
0.07
0.07
0.05
0.01
0.09
0.15
0.01
0.09
0.06
0.05
0.07
0.07
0.07
0.15
0.07
0.05
0.07
0.04
0.05
0.07
0.05
0.04
0.03
0.06
0.03
0.04
0.03
0.04
0.04
0.04
0.04
0.1
0.04
0.07
0.05
0.07
0.07
0.01
0.02
0.07
0.01
0.05
0.07
0.03
0.15
0.08
0.02
0.04
0.07
0.07
0.16
0.07
0.07
0.06
0.11
0.1
0.15
0.07
0.04
0.01
0.02
0.07
0.06
0.04
0.07
0.04
0.02
0.01
0.11
0.07
0.16
0.11
0.01
0.05
0.13
0.17
0.05
0.05
0.1
0.06
0.07
0.07
0.04
0.05
0.05
0.03
0.07
0.07
0.07
0.07
0.05
0.04
0.03
0.15
0.06
0.07
0.04
0.04
0.06
0.04
0.03
0.04
0.07
0.08
0.05
0.02
0.04
0.11
0.07
0.09
0.07
0.03
0.03
0.06
0.07
0.05
0.07
0.03
0.05
0.07
0.05
0.13
0.07
0.17
0.04
0.04
0.07
0.07
0.03
0.04
0.18
0.03
0.07
0.04
0.1
0.11
0.09
0.03
0.03
0.06
0.11
0.07
0.05
0.02
0.07
0.07
0.01
0.04
0.04
0.04
0.04
0.07
0.03
0.02
0.02
0.14
0.05
0.07
0.05
0.06
0.16
0.02
0.01
0.04
0.01
0.11
0.01
0.12
0.05
0.07
0.04
0.16
0.01
0.04
0.03
0.05
0.06
0.11
0.08
0.08
0.03
0.16
0.04
0.07
0.04
0.01
0.07
0.07
0.15
0.04
0.04
0.04
0.02
0.02
0.09
0.01
0.04
0.01
0.15
0.04
0.05
0.07
0.04
0.06
0.06
0.08
0.04
0.01
0.03
0.07
0.06
0.05
0.05
0.14
0.07
0.14
0.06
0.04
0.07
0.06
0.09
0.04
0.02
0.07
0.11
0.07
0.04
0.07
0.03
0.05
0.07
0.08
0.07
0.07
0.03
0.07
0.07
0.04
0.04
0.02
0.04
0.1
0.05
0.12
0.03
0.04
0.01
0.05
0.03
0.12
0.05
0.07
0.07
0.07
0.05
0.07
0.02
0.07
0.03
0.05
0.04
0.03
0.05
0.04
0.05
0.04
0.02
0.04
0.07
0.04
0.07
0.04
0.02
0.02
0.08
0.07
0.07
0.02
0.05
0.07
0.07
0.02
0.07
0.05
0.05
0.07
0.03
0.07
0.03
0.07
0.08
0.07
0.05
0.03
0.07
0.09
0.03
0.04
0.07
0.07
0.08
0.03
0.12
0.02
0.03
0.04
0.07
0.08
0.07
0.05
0.07
0.04
0.01
0.03
0.07
0.02
0.11
0.02
0.02
0.04
0.04
0.14
0.06
0.08
0.07
0.07
0.09
0.05
0.07
0.07
0.1
0.07
0.08
0.06
0.07
0.03
0.03
0.01
0.05
0.08
0.15
0.04
0.12
0.05
0.04
0.05
0.04
0.14
0.1
0.05
0.06
0.05
0.06
0.07
0.05
0.01
0.03
0.04
0.04
0.03
0.05
0.05
0.06
0.06
0.04
0.12
0.06
0.02
0.12
0.06
0.02
0.13
0.03
0.04
0.02
0.06
0.09
0.06
0.06
0.06
0.04
0.03
0.03
0.06
0.06
0.06
0.02
0.03
0.04
0.02
0.12
0.15
0.04
0.03
0.06
0.04
0.02
0.06
0.06
0.04
0.06
0.06
0.06
0.01
0.02
0.01
0.06
0.01
0.04
0.03
0.03
0.1
0.02
0.06
0.05
0.15
0.04
0.04
0.03
0.02
0.06
0.03
0.04
0.06
0.09
0.04
0.02
0.16
0.01
0.04
0.02
0.01
0.05
0.04
0.07
0.06
0.01
0.03
0.04
0.04
0.06
0.03
0.03
0.04
0.01
0.01
0.01
0.11
0.02
0.06
0.11
0.12
0.01
0.06
0.01
0.06
0.04
0.09
0.06
0.06
0.03
0.06
0.05
0.01
0.03
0.06
0.06
0.02
0.04
0.06
0.06
0.04
0.1
0.06
0.08
0.04
0.02
0.05
0.06
0.04
0.03
0.03
0.02
0.03
0.06
0.06
0.03
0.05
0.02
0.03
0.05
0.03
0.01
0.01
0.06
0.06
0.02
0.06
0.06
0.07
0.06
0.03
0.03
0.06
0.03
0.01
0.06
0.04
0.03
0.03
0.06
0.04
0.05
0.06
0.03
0.06
0.03
0.12
0.01
0.1
0.02
0.03
0.03
0.03
0.04
0.03
0.03
0.03
0.03
0.03
0.03
0.03
0.03
0.03
0.03
0.15
0.03
0.06
0.02
0.03
0.01
0.02
0.13
0.02
0.04
0.06
0.05
0.15
0.06
0.08
0.06
0.06
0.02
0.01
0.03
0.06
0.06
0.04
0.02
0.07
0.07
0.06
0.14
0.15
0.02
0.03
0.04
0.06
0.06
0.05
0.01
0.01
0.06
0.07
0.01
0.03
0.02
0.02
0.04
0.03
0.03
0.06
0.03
0.01
0.03
0.05
0.06
0.01
0.01
0.02
0.02
0.06
0.02
0.06
0.01
0.04
0.03
0.13
0.06
0.06
0.04
0.02
0.06
0.01
0.06
0.04
0.06
0.07
0.08
0.06
0.02
0.04
0.03
0.06
0.04
0.05
0.06
0.03
0.08
0.03
0.02
0.03
0.03
0.03
0.03
0.03
0.06
0.03
Take-Two Interactive
0.06
0.01
0.01
0.01
0.07
0.02
0.03
0.09
0.05
0.01
0.03
0.04
0.03
0.13
0.03
0.01
0.03
0.06
0.01
0.1
0.06
0.13
0.06
0.03
0.06
0.07
0.06
0.03
0.02
0.01
0.03
0.01
0.02
0.03
0.04
0.02
0.04
0.01
0.01
0.04
0.04
0.06
0.02
0.02
0.02
0.04
0.03
0.01
0.01
0.03
0.03
0.01
0.03
0.03
0.06
0.03
0.03
0.06
0.02
0.06
0.01
0.13
0.06
0.06
0.09
0.04
0.03
0.06
0.06
0.03
0.14
0.04
0.06
0.06
0.02
0.03
0.03
0.03
0.06
0.03
0.03
0.05
0.01
0.04
0.03
0.03
0.06
0.03
0.08
0.05
0.06
0.04
0.03
0.07
0.06
0.05
0.03
0.04
0.04
0.06
0.03
0.02
0.06
0.04
0.01
0.04
0.04
0.13
0.11
0.01
0.06
0.03
0.06
0.03
0.03
0.03
0.04
0.03
0.03
0.02
0.01
0.03
0.06
0.06
0.06
0.03
0.13
0.07
0.03
0.04
0.12
0.06
0.07
0.01
0.03
0.05
0.03
0.02
0.04
0.04
0.06
0.04
0.03
0.04
0.06
0.02
0.03
0.02
0.08
0.06
0.06
0.04
0.04
0.03
0.05
0.02
0.11
0.04
0.03
0.03
0.06
0.01
0.13
0.06
0.06
0.03
0.01
0.05
0.01
0.05
0.06
0.06
0.06
0.04
0.05
0.03
0.06
0.03
0.05
0.05
0.04
0.06
0.06
0.02
0.03
0.05
0.01
0.05
0.01
0.14
0.02
0.11
0.05
0.05
0.04
0.05
0.04
0.05
0.03
0.02
0.05
0.05
0.03
0.03
0.03
0.09
0.04
0.04
0.05
0.13
0.05
0.03
0.03
0.05
0.01
0.05
0.04
0.04
0.03
0.05
0.05
0.05
0.01
0.04
0.08
0.12
0.05
0.03
0.01
0.08
0.03
0.01
0.08
0.03
0.06
0.05
0.05
0.08
0.1
0.05
0.08
0.05
0.05
0.05
0.07
0.12
0.07
0.03
0.13
0.05
0.05
0.05
0.01
0.11
0.04
0.08
0.05
0.05
0.03
0.03
0.03
0.03
0.03
0.05
0.05
0.02
0.1
0.05
0.01
0.03
0.05
0.05
0.05
0.03
0.03
0.02
0.02
0.07
0.03
0.05
0.03
0.05
0.04
0.04
0.08
0.04
0.05
0.03
0.03
0.05
0.08
0.1
0.03
0.03
0.01
0.11
0.05
0.03
0.04
0.03
0.1
0.05
0.01
0.05
0.04
0.01
0.07
0.12
0.02
0.03
0.03
0.04
0.02
0.12
0.03
0.13
0.01
0.08
0.01
0.02
0.03
0.02
0.02
0.04
0.05
0.04
0.02
0.03
0.05
0.04
0.12
0.03
0.05
0.02
0.05
0.05
0.03
0.04
0.05
0.01
0.02
0.07
0.04
0.05
0.05
0.08
0.04
0.01
0.03
0.01
0.01
0.05
0.03
0.03
0.03
0.01
0.07
0.03
0.01
0.12
0.05
0.07
0.04
0.05
0.05
0.12
0.03
0.04
0.05
0.05
0.05
0.03
0.01
0.04
0.05
0.01
0.04
0.01
0.05
0.02
0.03
0.02
0.02
0.05
0.1
0.05
0.02
0.05
0.05
0.01
0.02
0.02
0.05
0.03
0.05
0.05
0.03
0.05
0.03
0.05
0.05
0.03
0.04
0.05
0.03
0.03
0.02
0.05
0.03
0.05
0.01
0.04
0.05
0.12
0.03
0.05
0.09
0.03
0.01
0.05
0.03
0.02
0.05
0.05
0.05
0.01
0.12
0.03
0.05
0.05
0.09
0.03
0.02
0.05
0.04
0.03
0.03
0.03
0.03
0.03
0.03
0.01
0.03
0.05
0.05
0.02
0.1
0.03
0.07
0.05
0.03
0.01
0.02
0.01
0.03
0.03
0.03
0.05
0.03
0.01
0.05
0.01
0.03
0.03
0.03
0.03
0.03
0.03
0.05
0.06
0.06
0.03
0.01
0.03
0.05
0.01
0.12
0.02
0.13
0.05
0.02
0.04
0.03
0.02
0.11
0.05
0.03
0.03
0.05
0.05
0.05
0.02
0.06
0.03
0.04
0.01
0.08
0.04
0.03
0.03
0.01
0.05
0.02
0.03
0.03
0.01
0.02
0.01
0.02
0.04
0.03
0.03
0.01
0.05
0.03
0.05
0.01
0.05
0.05
0.03
0.05
0.03
0.03
0.03
0.03
0.05
0.05
0.1
0.03
0.09
0.03
0.05
0.05
0.05
0.04
0.05
0.01
0.03
0.05
0.01
0.05
0.03
0.01
0.03
0.05
0.03
0.04
0.09
0.03
0.01
0.03
0.03
0.03
0.02
0.04
0.03
0.03
0.04
0.05
0.03
0.03
0.09
0.12
0.05
0.03
0.05
0.02
0.01
0.03
0.03
0.1
0.04
0.07
0.04
0.05
0.02
0.01
0.01
0.01
0.08
0.05
0.01
0.05
0.05
0.03
0.05
0.08
0.01
0.02
0.05
0.03
0.05
0.02
0.02
0.05
0.05
0.04
0.05
0.03
0.05
0.05
0.05
0.07
0.05
0.03
0.02
0.05
0.02
0.1
0.01
0.1
0.05
0.04
0.03
0.05
0.03
0.01
0.02
0.01
0.05
0.11
0.03
0.03
0.05
0.03
0.01
0.03
0.05
0.02
0.09
0.04
0.05
0.02
0.02
0.04
0.03
0.01
0.03
0.1
0.03
0.07
0.03
0.03
0.05
0.02
0.03
0.04
0.01
0.11
0.02
0.02
0.06
0.06
0.03
0.01
0.07
0.07
0.08
0.02
0.01
0.02
0.01
0.02
0.01
0.02
0.1
0.03
0.05
0.05
0.03
0.04
0.02
0.05
0.05
0.05
0.05
0.03
0.02
0.05
0.02
0.03
0.03
0.02
0.02
0.03
0.05
0.06
0.03
0.03
0.1
0.04
0.08
0.05
0.02
0.04
0.02
0.03
0.02
0.04
0.05
0.03
0.02
0.02
0.02
0.04
0.1
0.04
0.04
0.03
0.07
0.01
0.01
0.01
0.03
0.01
0.02
0.03
0.01
0.03
0.01
0.04
0.03
0.04
0.04
0.03
0.06
0.03
0.09
0.02
0.05
0.02
0.11
0.1
0.04
0.03
0.02
0.04
0.04
0.02
0.02
0.01
0.02
0.04
0.01
0.01
0.03
0.02
0.02
0.04
0.03
0.03
0.02
0.03
0.02
0.03
0.02
0.02
0.04
0.02
0.02
0.02
0.04
0.02
0.04
0.04
0.1
0.01
0.06
0.04
0.02
0.03
0.03
0.01
0.02
0.01
0.03
0.05
0.04
0.02
0.04
0.02
0.01
0.04
0.01
0.03
0.04
0.04
0.01
0.04
0.02
0.02
0.03
0.04
0.03
0.03
0.02
0.09
0.02
0.04
0.04
0.04
0.02
0.02
0.02
0.04
0.04
0.02
0.02
0.02
0.03
0.02
0.04
0.04
0.02
0.02
0.01
0.02
0.03
0.04
0.02
0.05
0.04
0.04
0.03
0.02
0.03
0.03
0.03
0.02
0.04
0.01
0.01
0.04
0.03
0.02
0.02
0.02
0.01
0.02
0.05
0.03
0.01
0.08
0.03
0.04
0.1
0.09
0.04
0.05
0.02
0.02
0.02
0.04
0.01
0.03
0.04
0.04
0.03
0.04
0.07
0.02
0.04
0.02
0.06
0.01
0.02
0.02
0.02
0.03
0.02
0.04
0.04
0.02
0.04
0.03
0.02
0.02
0.02
0.02
0.02
0.04
0.02
0.02
0.02
0.05
0.01
0.05
0.04
0.05
0.03
0.04
0.04
0.04
0.04
0.04
0.02
0.03
0.01
0.01
0.02
0.08
0.02
0.03
0.02
0.04
0.04
0.09
0.01
0.02
0.02
0.05
0.02
0.04
0.04
0.02
0.04
0.04
0.02
0.02
0.05
0.02
0.02
0.03
0.04
0.04
0.01
0.09
0.02
0.05
0.02
0.04
0.04
0.01
0.04
0.05
0.07
0.04
0.04
0.02
0.03
0.03
0.03
0.05
0.03
0.02
0.03
0.01
0.04
0.01
0.03
0.01
0.04
0.03
0.06
0.02
0.04
0.01
0.1
0.02
0.02
0.02
0.01
0.02
0.04
0.02
0.04
0.04
0.04
0.02
0.04
0.01
0.08
0.06
0.03
0.04
0.03
0.03
0.03
0.02
0.04
0.04
0.1
0.02
0.02
0.04
0.07
0.02
0.03
0.04
0.05
0.09
0.04
0.04
0.02
0.08
0.01
0.02
0.04
0.02
0.02
0.02
0.04
0.04
0.04
0.03
0.02
0.06
0.04
0.03
0.04
0.1
0.04
0.02
0.02
0.04
0.01
0.03
0.02
0.04
0.03
0.02
0.01
0.01
0.04
0.03
0.02
0.03
0.02
Warner Bros. Interactive Entertainment
0.04
0.01
0.01
0.05
0.02
0.04
0.04
0.09
0.04
0.05
0.06
0.01
0.01
0.02
0.03
0.02
0.01
0.08
0.04
0.02
0.01
0.04
0.02
0.02
0.04
0.03
0.08
0.04
0.02
0.03
0.08
0.02
0.02
0.08
0.02
0.02
0.04
0.04
0.02
0.02
0.02
0.1
0.02
0.02
0.01
0.04
0.08
0.04
0.02
0.01
0.04
0.01
0.03
0.02
0.04
0.04
0.04
0.09
0.03
0.04
0.03
0.01
0.05
0.02
0.02
0.02
0.04
0.02
0.09
0.04
0.02
0.02
0.04
0.1
0.02
0.02
0.02
0.02
0.02
0.02
0.02
0.02
0.02
0.04
0.03
0.01
0.02
0.03
0.04
0.02
0.02
0.03
0.01
0.02
0.04
0.04
0.04
0.03
0.02
0.02
0.03
0.02
0.02
0.01
0.02
0.04
0.02
0.02
0.08
0.01
0.06
0.02
0.02
0.04
0.03
0.02
0.08
0.01
0.02
0.04
0.04
0.05
0.02
0.01
0.01
0.04
0.09
0.04
0.08
0.05
0.05
0.08
0.02
0.04
0.09
0.02
0.03
0.04
0.04
0.03
0.03
0.02
0.05
0.04
0.02
0.02
0.04
0.09
0.04
0.01
0.01
0.02
0.02
0.04
0.01
0.04
0.04
0.04
0.01
0.03
0.02
0.01
0.01
0.02
0.02
0.01
0.03
0.03
0.01
0.02
0.02
0.08
Eidos Interactive
0.02
0.08
0.06
0.04
0.02
0.02
0.04
0.03
0.02
0.04
0.02
0.02
0.04
0.04
0.02
0.02
0.02
0.02
0.06
0.02
0.02
0.03
0.02
0.04
0.03
0.04
0.02
0.03
0.08
0.01
0.04
0.04
0.04
0.08
0.02
0.02
0.01
0.01
0.08
0.01
0.04
0.02
0.04
0.06
0.04
0.04
0.05
0.03
0.03
0.02
0.02
0.02
0.04
0.01
0.07
0.04
0.01
0.09
0.07
0.04
0.02
0.02
0.04
0.04
0.04
0.04
0.02
0.04
0.06
0.02
0.02
0.02
0.04
0.01
0.02
0.01
0.04
0.02
0.02
0.04
0.04
0.02
0.02
0.03
0.02
0.03
0.08
0.03
0.09
0.03
0.04
0.04
0.02
0.01
0.02
0.05
0.01
0.02
0.02
0.04
0.03
0.03
0.03
0.03
0.03
0.03
0.02
0.03
0.02
0.01
0.01
0.02
0.08
0.03
0.07
0.02
0.08
0.01
0.03
0.02
0.03
0.04
0.01
0.05
0.04
0.03
0.06
0.03
0.07
0.03
0.01
0.03
0.02
0.06
0.02
0.01
0.02
0.02
0.03
0.06
0.02
0.02
0.08
0.02
0.01
0.01
0.02
0.05
0.03
0.02
0.01
0.03
0.02
0.03
0.05
0.02
0.02
0.05
0.06
0.01
0.03
0.01
0.01
0.02
0.07
0.01
0.03
0.03
0.01
0.02
0.02
0.01
0.01
0.01
0.08
0.02
0.02
0.02
0.02
0.02
0.01
0.02
0.03
0.08
0.05
0.02
0.02
0.01
0.05
0.04
0.03
0.07
0.08
0.04
0.01
0.05
0.02
0.02
0.02
0.02
0.03
0.02
0.02
0.08
0.02
0.03
0.03
0.02
0.03
0.03
0.03
0.01
0.02
0.03
0.02
0.01
0.02
0.05
0.02
0.01
0.02
0.02
0.02
0.02
0.05
0.01
0.02
0.04
0.02
0.02
0.08
0.03
0.03
0.01
0.02
0.02
0.03
0.03
0.03
0.05
0.03
0.07
0.03
0.07
0.03
0.06
0.03
0.06
0.01
0.02
0.03
0.03
0.04
0.02
0.02
0.03
0.03
0.08
0.07
0.03
0.03
0.07
0.05
0.01
0.05
0.02
0.06
0.03
0.02
0.02
0.06
0.02
0.02
0.03
0.03
0.03
0.03
0.02
0.02
0.02
0.02
0.03
0.03
0.03
0.05
0.01
0.03
0.02
0.03
0.03
0.02
0.07
0.02
0.05
0.03
0.02
0.07
0.02
0.02
0.01
0.02
0.02
0.02
0.02
0.02
0.02
0.03
0.03
0.03
0.03
0.02
0.03
0.03
0.06
0.06
0.01
0.03
0.07
0.04
0.03
0.03
0.07
0.04
0.04
0.01
0.03
0.03
0.03
0.01
0.03
0.02
0.03
0.03
0.02
0.02
0.03
0.03
0.03
0.01
0.07
0.05
0.01
0.02
0.07
0.02
0.02
0.04
0.01
0.02
0.01
0.02
0.02
0.01
0.03
0.02
0.02
0.02
0.01
0.02
0.03
0.01
0.03
0.06
0.03
0.03
0.05
0.02
0.01
0.05
0.01
0.01
0.02
0.02
0.02
0.02
0.02
0.07
0.03
0.01
0.02
0.02
0.02
0.07
0.01
0.02
0.07
0.03
0.04
0.03
0.02
0.06
0.02
0.03
0.02
0.01
0.02
0.02
0.02
0.03
0.03
0.03
0.01
0.06
0.02
0.04
0.03
0.02
0.02
0.04
0.01
0.03
0.02
0.02
0.02
0.02
0.02
0.07
0.04
0.01
0.02
0.03
0.02
0.02
0.06
0.03
0.02
0.02
0.01
0.02
0.03
0.03
0.07
0.08
0.03
0.02
0.01
0.02
0.03
0.02
0.03
0.01
0.04
0.02
0.02
0.02
0.03
0.02
0.04
0.01
0.03
0.01
0.01
0.02
0.06
0.07
0.03
0.02
0.03
0.02
0.01
0.02
0.07
0.02
0.05
0.02
0.01
0.03
0.02
0.02
0.02
0.05
0.05
0.02
0.02
0.03
0.04
0.05
0.01
0.02
0.03
0.02
0.03
0.03
0.03
0.07
0.06
0.02
0.01
0.02
0.02
0.03
0.02
0.02
0.03
0.03
0.03
0.02
0.02
0.02
0.06
0.02
0.02
0.02
0.02
0.02
0.07
0.05
0.04
0.03
0.01
0.03
0.03
0.03
0.03
0.01
0.02
0.03
0.02
0.06
0.02
0.03
0.03
0.01
0.06
0.03
0.02
0.01
0.03
0.06
0.03
0.02
0.01
0.02
0.05
0.03
0.04
0.02
0.02
0.03
0.04
Warner Bros. Interactive Entertainment
0.02
0.01
0.06
0.03
0.03
0.03
0.01
0.05
0.02
0.02
0.04
0.01
0.03
0.02
0.03
0.03
0.02
0.03
0.04
0.01
0.07
0.06
0.02
0.02
0.01
0.02
0.03
0.02
0.03
0.02
0.03
0.02
0.03
0.01
0.05
0.04
0.02
0.06
0.02
0.05
0.02
0.03
0.02
0.03
0.03
0.01
0.03
0.02
0.03
0.01
0.01
0.03
0.02
0.03
0.07
0.01
0.06
0.03
0.07
0.02
0.06
0.04
0.04
0.06
0.06
0.01
0.05
0.02
0.03
0.02
0.02
0.04
0.03
0.03
0.04
0.03
0.03
0.03
0.02
0.02
0.02
0.02
0.03
0.06
0.01
0.01
0.01
0.02
0.01
0.01
0.01
0.01
0.02
0.01
0.03
0.01
0.02
0.02
0.01
0.03
0.01
0.03
0.01
0.01
0.03
0.01
0.02
0.03
0.06
0.01
0.03
0.01
0.06
0.01
0.03
0.03
0.02
0.03
0.03
0.01
0.01
0.03
0.01
0.02
0.01
0.01
0.05
0.03
0.04
0.01
0.06
0.03
0.03
0.02
0.05
0.03
0.03
0.03
0.01
0.01
0.06
0.03
0.06
0.03
0.06
0.01
0.02
0.03
0.03
0.03
0.01
0.01
0.04
0.01
0.03
0.03
0.01
0.03
0.01
0.03
0.03
0.01
0.01
0.01
0.02
0.03
0.06
0.01
0.02
0.03
0.05
0.03
0.01
0.02
0.02
0.03
0.05
0.01
0.04
0.02
0.02
0.01
0.06
0.03
0.03
0.03
0.01
0.01
0.03
0.02
0.02
0.05
0.03
0.05
0.01
0.01
0.01
0.02
0.06
0.01
0.02
0.05
0.03
0.02
0.06
Rising Star Games
0.02
0.02
0.02
0.05
0.01
0.02
0.02
0.01
0.01
0.01
0.02
0.01
0.06
0.06
0.02
0.01
0.04
0.01
0.01
0.02
0.01
0.02
0.01
0.02
0.01
0.01
0.05
0.03
0.01
0.01
0.02
0.02
0.01
0.06
0.01
0.01
0.02
0.04
0.01
0.02
0.05
0.02
0.02
0.02
0.01
0.01
0.01
0.02
0.02
0.02
0.01
0.06
0.01
0.01
0.05
0.02
0.02
0.02
0.02
0.02
0.01
0.01
0.03
0.01
0.01
0.02
0.02
0.05
0.05
0.02
0.04
0.06
0.02
0.02
0.02
0.02
0.05
0.02
0.02
0.01
0.05
0.02
0.02
0.01
0.04
0.02
0.02
0.02
0.06
0.06
0.01
0.01
0.02
0.02
0.02
0.05
0.04
0.02
0.04
0.02
0.01
0.05
0.02
0.03
0.02
0.02
0.01
0.01
0.01
0.02
0.02
0.01
0.02
0.02
0.02
0.02
0.01
0.01
0.04
0.02
0.01
0.01
0.04
0.05
0.02
0.02
0.05
0.01
0.03
0.01
0.01
0.05
0.01
0.01
0.01
0.05
0.01
0.01
0.05
0.02
0.02
0.02
0.05
0.01
0.01
0.01
0.01
0.01
0.01
0.01
0.01
0.01
0.01
0.03
0.01
0.01
0.05
0.01
0.02
0.01
0.05
0.01
0.02
0.02
0.02
0.02
0.02
0.02
0.02
0.02
0.01
0.02
0.01
0.02
0.02
0.02
0.02
0.01
0.01
0.02
0.02
0.01
0.06
0.01
0.01
0.02
0.02
0.05
0.05
0.02
0.05
0.02
0.05
0.01
0.01
0.02
0.02
0.02
0.02
0.02
0.02
0.01
0.02
0.05
0.05
0.02
0.01
0.01
0.02
0.01
0.02
0.02
0.05
0.02
0.01
0.01
0.02
0.02
0.02
0.05
0.02
0.02
0.02
0.02
0.05
0.02
0.01
0.01
0.05
0.04
0.02
0.02
0.02
0.02
0.02
0.01
0.01
0.05
0.01
0.01
0.01
0.04
0.01
0.05
0.04
0.02
0.02
0.02
0.01
0.01
0.04
0.02
0.01
0.04
0.01
0.01
0.05
0.02
0.02
0.05
0.02
0.01
0.02
0.05
0.02
0.01
0.01
0.05
0.01
0.01
0.02
0.02
0.05
0.01
0.02
0.04
0.04
0.02
0.01
0.01
0.02
0.02
0.05
0.04
0.01
0.01
0.02
0.05
0.02
0.05
0.02
0.01
0.01
0.02
0.01
0.01
0.05
0.01
0.05
0.02
0.02
0.05
0.02
0.01
0.02
0.01
0.05
0.04
0.02
0.01
0.04
0.01
0.01
0.01
0.01
0.02
0.02
0.01
0.01
0.02
0.05
0.02
0.04
0.01
0.04
0.05
0.02
0.01
0.01
0.01
0.04
0.01
0.02
0.01
0.01
0.02
0.01
0.02
0.05
0.04
0.01
0.02
0.02
0.01
0.01
0.02
0.01
0.02
0.04
0.02
0.01
0.02
0.05
0.05
0.03
0.01
0.01
0.02
0.03
0.01
0.04
0.05
0.01
0.05
0.01
0.01
0.02
0.04
0.01
0.02
0.01
0.01
0.04
0.01
0.01
0.01
0.01
0.03
0.02
0.01
0.01
0.01
0.02
0.02
0.05
0.02
0.01
0.04
0.04
0.02
0.01
0.02
0.02
0.04
0.03
0.01
0.04
0.01
0.04
0.01
0.01
0.02
0.02
0.01
0.02
0.01
0.05
0.01
0.05
0.01
0.02
0.02
0.02
0.02
0.01
0.01
0.01
0.02
0.01
0.05
0.02
0.04
0.01
0.01
0.01
0.01
0.01
0.01
0.01
0.01
0.01
0.04
0.01
0.01
0.04
0.02
0.02
0.03
0.01
0.05
0.01
0.01
0.02
0.04
0.01
0.02
0.01
0.01
0.05
0.04
0.01
0.04
0.01
0.02
0.04
0.01
0.01
0.01
0.04
0.02
0.02
0.01
0.04
0.01
0.01
0.01
0.05
0.02
0.01
0.02
0.01
0.04
0.01
0.02
0.01
0.04
0.02
0.01
0.04
0.02
0.01
0.02
0.01
0.01
0.01
0.01
0.01
0.01
0.01
0.02
0.02
0.03
0.01
0.01
0.02
0.01
0.01
0.04
0.05
0.04
0.01
0.02
0.02
0.01
0.02
0.01
0.01
0.04
0.04
0.01
0.03
0.04
0.01
0.04
0.02
0.01
0.01
0.01
0.01
0.04
0.01
0.02
0.01
0.02
0.01
0.04
0.02
0.01
0.02
0.01
0.04
0.04
0.02
0.02
0.01
0.02
0.03
0.04
0.02
0.01
0.01
0.03
0.03
0.02
0.01
0.04
0.04
0.01
0.02
0.02
0.01
0.01
0.01
0.04
0.01
0.01
0.01
0.04
0.04
0.02
0.03
0.04
0.01
0.04
0.02
0.04
0.01
0.04
0.01
0.01
0.02
0.01
0.03
0.01
0.04
0.03
0.04
0.01
0.04
0.02
0.04
0.01
0.01
0.01
0.04
0.02
0.01
0.02
0.04
0.04
0.04
0.02
0.04
0.01
0.02
0.04
0.01
0.01
0.04
0.01
0.02
0.01
0.01
0.02
0.04
0.01
0.04
0.04
0.01
0.01
0.04
0.01
0.04
0.02
0.01
0.02
0.04
0.01
0.02
0.04
0.01
0.04
0.01
0.02
0.02
0.01
0.03
0.02
0.01
0.01
0.01
0.01
0.04
0.01
0.01
0.04
0.03
0.02
0.03
0.01
0.04
0.01
0.02
0.02
0.04
0.01
0.01
0.04
0.03
0.01
0.01
0.01
0.01
0.03
0.04
0.01
0.01
0.02
0.01
0.02
0.01
0.01
0.04
0.04
0.01
0.04
0.01
0.01
0.01
0.01
0.04
0.01
0.02
0.02
0.02
0.02
0.02
0.04
0.03
0.02
0.04
0.02
0.03
0.01
0.03
0.03
0.02
0.04
0.01
0.02
0.01
0.04
0.02
0.04
0.02
0.03
0.02
0.02
0.02
0.03
0.01
0.03
0.03
0.01
0.04
0.03
0.04
0.01
0.01
0.01
0.01
0.01
0.01
0.01
0.01
0.01
0.01
0.02
0.02
0.03
0.04
0.02
0.03
0.01
0.02
0.02
0.01
0.01
0.04
0.01
0.01
0.01
0.01
0.01
0.01
0.03
0.02
0.03
0.01
0.04
0.01
0.01
0.03
0.03
0.03
0.04
0.02
0.03
0.02
0.01
0.01
0.01
0.01
0.01
0.01
0.01
0.03
0.01
0.02
0.03
0.02
0.01
0.01
0.03
0.01
0.01
0.04
0.01
0.01
0.01
0.02
0.04
0.01
0.01
0.03
0.01
0.01
0.04
0.01
0.01
0.01
0.02
0.01
0.03
0.01
0.04
0.01
0.01
0.04
0.01
0.01
0.02
0.01
0.01
0.01
0.03
0.02
0.01
0.03
0.03
0.01
0.03
0.03
0.03
0.01
0.01
0.01
0.03
0.01
0.01
0.01
0.01
0.01
0.01
0.03
0.02
0.01
0.03
0.01
0.01
0.01
0.01
Misc
0.01
0.01
0.03
0.01
0.03
0.03
0.01
0.03
0.01
0.01
0.01
0.01
0.03
0.01
0.02
0.01
0.01
0.01
0.02
0.01
0.02
0.03
0.02
0.03
0.01
0.02
0.03
0.03
0.01
0.01
0.01
0.04
0.03
0.01
0.01
0.03
0.01
0.01
0.03
0.01
0.03
0.01
0.01
0.03
0.01
0.03
0.03
0.03
0.01
0.01
0.03
0.01
0.03
0.01
0.01
0.03
0.03
0.01
0.03
0.01
0.01
0.03
0.03
0.03
0.03
0.01
0.01
0.02
0.01
0.03
0.01
0.01
0.03
0.02
0.01
0.03
0.01
0.03
0.01
0.01
0.03
0.01
0.01
0.01
0.01
0.01
0.03
0.01
0.02
0.01
0.02
0.01
0.01
0.01
0.01
0.03
0.03
0.01
0.03
0.03
0.01
0.01
0.03
0.01
0.02
0.02
0.03
0.03
0.01
0.03
0.03
0.01
0.01
0.01
0.03
0.03
0.03
0.01
0.03
0.03
0.03
0.03
0.01
0.03
0.03
0.03
0.01
0.03
0.01
0.01
0.03
0.03
0.01
0.03
0.01
0.02
0.02
0.03
0.03
0.01
0.03
0.03
0.01
0.01
0.03
0.01
0.03
0.03
0.03
0.03
0.01
0.03
0.03
0.02
0.03
0.03
0.01
0.01
0.01
0.03
0.01
0.01
0.03
0.02
0.01
0.01
0.01
0.02
0.01
0.03
0.02
0.03
0.02
0.01
0.01
0.03
0.03
0.03
0.01
0.03
0.03
0.03
0.03
0.01
0.02
0.01
0.02
0.01
0.03
0.01
0.03
0.02
0.03
0.01
0.01
0.01
0.01
0.02
0.01
0.01
0.01
0.03
0.01
0.03
0.03
0.01
0.03
0.02
0.01
0.01
0.01
0.03
0.01
0.01
0.01
0.01
0.01
0.01
0.01
0.02
0.01
0.03
0.03
0.01
0.03
0.01
0.03
0.01
0.03
0.02
0.02
0.01
0.01
0.01
Zoo Digital Publishing
0.01
0.01
0.01
0.01
0.01
0.01
0.02
0.03
0.01
0.03
0.02
0.01
0.01
0.01
0.01
0.03
0.02
0.03
0.02
0.02
0.02
0.02
0.01
0.01
0.01
0.01
0.03
0.01
0.01
0.01
0.02
0.02
0.01
0.01
0.02
0.03
0.02
0.02
0.03
0.01
0.01
0.01
0.01
0.03
0.02
0.01
0.02
0.02
0.01
0.01
0.02
0.03
0.02
0.02
0.01
0.01
0.01
0.01
0.03
0.01
0.01
0.02
0.02
0.01
0.01
0.02
0.01
0.03
0.02
0.01
0.02
0.01
0.03
0.01
0.02
0.01
0.02
0.02
0.01
0.01
0.01
0.01
0.01
0.02
0.02
0.01
0.01
0.01
0.01
0.02
0.01
0.01
0.01
0.02
0.01
0.01
0.01
0.02
0.02
0.02
0.01
0.01
0.02
0.03
0.03
0.02
0.01
0.01
0.02
0.02
0.02
0.02
0.02
0.02
0.01
0.01
0.02
0.01
0.01
0.01
0.01
0.02
0.02
0.02
0.01
0.01
0.01
0.01
0.01
0.01
0.02
0.01
0.01
0.02
0.02
0.01
0.02
0.01
0.02
0.01
0.02
0.01
0.01
0.02
0.02
0.02
0.01
0.02
0.02
0.01
0.01
0.01
0.01
0.01
0.01
0.02
0.02
0.01
0.01
0.02
0.01
0.02
0.02
0.01
0.02
0.02
0.02
0.02
0.02
0.02
0.02
0.02
0.01
0.01
0.02
0.01
0.02
0.02
0.01
0.01
0.02
0.01
0.02
0.02
0.02
0.01
0.01
0.01
0.01
0.01
0.01
0.01
0.02
0.02
0.02
0.02
0.02
0.02
0.02
0.02
0.01
0.01
0.01
0.01
0.02
0.01
0.01
0.01
0.01
0.01
0.01
0.02
0.02
0.02
0.02
0.02
0.02
0.01
0.01
0.02
0.02
0.02
0.01
0.02
0.02
0.01
0.02
0.02
0.01
0.02
0.01
0.01
0.01
0.02
0.02
0.02
0.01
0.02
0.01
0.02
0.01
0.02
0.02
0.01
0.02
0.02
0.02
0.02
0.02
0.01
0.02
0.02
0.02
0.02
0.01
0.02
0.02
0.02
0.01
0.01
0.02
0.02
0.01
0.02
0.01
0.02
0.02
0.01
0.02
0.01
0.02
0.02
0.02
0.02
0.02
0.02
0.02
0.02
0.01
0.01
0.01
0.02
0.01
0.02
0.02
0.02
0.01
0.02
0.02
0.02
0.02
0.02
0.01
0.02
0.01
0.02
0.02
0.02
0.02
0.01
0.02
0.02
0.02
0.02
0.01
0.01
0.01
0.02
0.02
0.02
0.02
0.01
0.01
0.02
0.01
0.01
0.02
0.02
0.02
0.01
0.01
0.02
0.01
0.02
0.02
0.01
0.02
0.02
0.01
0.02
0.02
0.01
0.02
0.01
0.02
0.02
0.01
0.02
0.01
0.02
0.02
0.02
0.01
0.02
0.01
0.02
0.01
0.02
0.01
0.02
0.01
0.02
0.02
0.02
0.01
0.02
0.02
0.02
0.02
0.02
0.02
0.02
0.02
0.01
0.01
0.02
0.01
0.01
0.02
0.01
0.02
0.02
0.02
0.02
0.01
0.02
0.02
0.01
0.02
Activision
0.02
0.02
0.01
0.01
0.02
0.02
0.02
0.02
0.01
0.01
0.02
0.01
0.01
0.02
0.01
0.01
0.01
0.01
0.02
0.02
0.02
0.01
0.01
0.02
0.02
0.02
0.02
0.02
0.02
0.02
0.02
0.01
0.02
0.01
0.02
0.02
0.01
0.02
0.01
0.01
0.02
0.01
0.02
0.02
0.01
0.01
0.02
0.02
0.01
0.02
0.02
0.01
0.01
0.01
0.01
0.02
0.01
0.01
0.01
0.01
0.02
0.01
0.01
0.01
0.01
0.02
0.01
0.02
0.01
0.01
0.01
0.01
0.02
0.01
0.01
0.02
0.01
0.01
0.01
0.02
0.01
0.01
0.01
0.01
0.01
0.01
0.01
0.01
0.01
0.01
0.01
0.01
0.01
0.01
0.01
0.01
0.01
0.01
0.01
0.01
0.01
0.01
0.01
0.01
0.01
0.01
0.01
0.01
0.01
0.01
0.01
0.01
0.01
0.01
0.01
0.01
0.01
0.01
0.01
0.01
0.01
0.01
0.01
0.01
0.01
0.01
0.01
0.01
0.01
0.01
0.01
0.01
0.01
0.01
0.01
0.01
0.01
0.01
0.01
0.01
0.01
0.01
0.01
0.01
0.01
0.01
0.01
0.01
0.01
0.01
0.01
0.01
0.01
0.01
0.01
0.01
0.01
0.01
0.01
0.01
0.01
0.01
0.01
0.01
0.01
0.01
0.01
0.01
0.01
0.01
0.01
0.01
0.01
0.01
0.01
0.01
0.01
0.01
0.01
0.01
0.01
0.01
0.01
0.01
0.01
0.01
0.01
0.01
0.01
0.01
0.01
0.01
0.01
0.01
0.01
0.01
0.01
0.01
0.01
0.01
0.01
0.01
0.01
0.01
0.01
0.01
0.01
0.01
0.01
0.01
0.01
0.01
0.01
0.01
0.01
0.01
0.01
0.01
0.01
0.01
0.01
0.01
0.01
0.01
0.01
0.01
0.01
0.01
0.01
0.01
0.01
0.01
0.01
0.01
0.01
0.01
0.01
0.01
0.01
0.01
0.01
0.01
0.01
0.01
0.01
0.01
0.01
0.01
0.01
0.01
0.01
0.01
0.01
0.01
0.01
0.01
0.01
0.01
0.01
0.01
0.01
0.01
0.01
0.01
0.01
0.01
0.01
Unknown
0.01
0.01
0.01
0.01
0.01
0.01
0.01
0.01
0.01
0.01
0.01
0.01
Activision
0.01
0.01
0.01
0.01
0.01
0.01
0.01
0.01
0.01
0.01
0.01
0.01
0.01
0.01
0.01
0.01
0.01
0.01
0.01
0.01
0.01
0.01
0.01
0.01
0.01
0.01
0.01
0.01
