3.77
6.81
3.79
3.28
10.22
4.22
6.5
2.93
4.7
0.28
1.93
4.13
7.2
3.6
0.24
2.53
0.98
0.41
3.54
4.16
6.04
4.18
3.84
0.06
0.47
5.38
5.32
5.65
1.87
0.13
3.12
0.36
0.11
4.35
0.65
0.07
0.08
0.49
0.3
2.66
2.69
0.48
0.38
5.33
0.13
1.91
3.96
3.1
1.1
1.2
2.69
0.14
2.54
2.14
0.81
0.38
2.12
0.44
3.15
1.25
0.04
2.47
2.23
0.08
3.28
0.04
1.69
0.01
0.38
0.13
3
0.02
4.39
1.98
0.1
3.81
0.06
0.05
2.49
1.58
0.13
0.13
3.14
2.73
0.66
0.22
3.63
2.69
0.24
0.14
1.45
0.08
1.31
2.43
0.98
0.7
0.01
0.06
0.08
0.35
0.24
1.4
0.6
2.26
1.42
1.28
1.39
0.87
0.08
0.17
0.94
0.06
0.19
0.28
0.21
0.11
1.6
1.69
0.17
0.07
0.16
1.03
0.08
0.25
2.06
1.49
1.29
0.06
0.09
0.87
2.87
0.02
0.07
0.03
0.07
0.05
0.87
0.16
0.78
0.83
2.33
0.28
0.17
2.02
4.35
1.36
0.16
0.07
1.81
1.97
0.21
0.07
0.1
0.91
4.13
0.11
0.99
0.95
0.94
0.24
0.19
2
1.87
1.01
2.78
0.03
2.11
1.09
0.01
0.08
0.2
0.01
1.9
1.27
3.61
0.83
1.03
1.57
0.03
2.2
0.13
1.7
0.05
0.44
1.08
0.95
0.15
0.06
1.11
0.16
0.02
0.07
0.01
0.29
1.54
0.09
0.12
0.01
0.89
4.87
0.81
1.52
0.09
0.12
0.44
0.02
0.04
0.07
0.02
0.08
0.13
1.32
0.08
1.15
0.89
1.11
0.06
0.22
0.01
0.01
0.01
0.03
0.03
4.1
0.15
0.02
1.46
0.46
0.01
1.05
0.13
1.61
0.08
0.01
0.19
0.14
0.26
1.38
0.62
0.73
0.14
0.04
0.11
0.05
0.07
0.83
0.1
0.01
0.01
0.04
0.2
0.57
0.04
0.02
0.31
0.58
1.57
0.01
0.09
1.76
0.03
2.1
0.21
0.04
0.9
0.04
0.03
0.05
0.11
0.16
0.51
0.1
0.64
2.46
0.05
0.23
0.08
0.1
0.37
0.07
0.92
1.07
0.06
0.01
2.62
0.03
0.31
3.77
0.06
0.73
1.12
0.1
0.22
0.54
0.05
1.05
0.15
0.41
0.47
0.81
0.1
0.14
0.27
1.54
0.59
0.13
0.04
1.38
3.67
0.01
0.02
0.08
0.55
0.06
0.15
0.66
0.64
0.46
0.05
0.03
0.46
0.17
0.03
0.1
0.06
0.07
0.05
0.12
0.1
0.01
0.02
0.01
0.05
1.75
1.42
0.12
0.03
0.04
0.27
0.02
0.02
0.04
0.27
0.01
0.73
3.44
0.03
0.33
2.55
0.49
0.02
0.59
0.05
0.06
0.19
0.07
0.73
0.1
2.32
0.12
0.57
2.79
0.03
0.74
0.05
0.01
0.05
3.18
0.02
0.82
0.31
0.46
0.77
0.4
0.03
0.94
0.07
2.35
0.12
3.19
0.04
0.09
0.8
0.01
0.12
0.38
0.99
0.02
0.76
0.14
0.06
3.03
1.93
0.1
1.03
0.14
0.46
0.88
0.03
0.55
0.01
0.64
0.55
1.4
0.04
0.03
0.06
0.02
0.45
0.07
0.11
0.08
0.02
0.12
0.01
0.76
0.8
1.16
0.64
0.05
0.06
0.04
0.04
0.08
0.34
0.06
0.04
0.05
0.15
0.12
1.19
0.62
0.03
1.13
1.38
0.05
0.01
0.73
0.02
0.12
0.03
0.06
0.89
0.98
0.04
0.05
0.1
0.11
0.04
0.07
0.06
0.04
2.13
0.04
0.07
2.78
1.96
0.26
0.03
0.09
1.1
0.07
0.71
0.17
1.13
1.04
0.04
0.05
0.33
1.09
0.87
0.02
0.02
0.01
0.08
2.68
0.35
0.68
0.01
2.65
0.04
0.12
0.01
0.89
0.02
0.04
0.01
0.12
0.01
0.04
0.04
0.11
0.06
0.24
0.04
0.96
0.03
0.31
1.75
0.08
0.92
0.21
2.41
0.03
0.03
0.7
0.01
0.06
0.33
0.16
0.52
0.29
0.26
1.08
0.26
0.06
0.92
0.05
0.18
0.1
0.01
2.43
1.34
0.05
0.05
0.78
0.46
0.02
0.08
0.51
0.54
0.7
0.04
0.04
1.42
0.03
0.03
0.08
0.04
0.01
1.48
0.01
0.4
2.34
0.02
0.01
0.47
0.34
0.02
1.06
0.04
0.09
2.02
0.1
0.64
1.21
0.04
2.29
0.46
1.63
0.01
0.62
0.02
0.15
0.91
0.54
0.06
1.06
0.2
0.46
0.04
0.02
0.22
0.04
0.18
0.91
0.21
0.1
1.05
0.45
0.14
0.14
0.05
0.01
2.05
0.34
0.02
1.1
0.3
0.55
0.02
2.17
0.47
0.08
1.56
0.01
0.02
0.02
0.02
0.73
1.98
0.15
0.07
0.19
1.45
2.13
0.89
0.05
0.92
0.05
0.02
0.4
1.13
0.04
1.05
1.35
0.04
0.14
0.29
1.96
0.01
0.05
0.12
1.33
0.08
1.07
0.73
0.46
0.01
0.63
0.02
0.02
0.96
0.45
0.74
0.04
0.79
0.75
0.04
0.13
0.01
0.05
0.13
0.05
0.02
0.04
0.29
0.01
0.02
0.13
0.01
0.83
0.54
0.54
0.03
0.08
1.29
0.27
0.9
0.05
0.53
0.75
0.02
0.03
0.51
0.63
0.9
1.53
0.41
0.04
0.02
0.07
1.05
0.02
0.55
0.02
0.01
0.65
0.03
0.02
1.3
0.04
0.2
0.41
0.55
1.46
0.01
1.01
0.15
0.01
0.03
0.01
0.29
0.41
1.48
0.09
0.02
0.03
0.3
0.04
1.07
0.41
0.03
0.03
0.04
0.39
0.07
0.69
0.35
0.83
0.06
0.42
0.01
0.06
0.03
0.79
1.49
0.13
0.52
0.06
0.08
0.03
0.35
0.02
0.12
0.56
0.03
0.21
0.01
0.03
0.03
0.11
0.07
0.14
0.08
0.36
0.02
1.33
1.03
0.24
1.49
0.56
0.01
0.4
0.2
1.09
0.02
0.53
0.06
0.21
0.8
0.91
0.02
0.03
0.84
0.01
0.25
0.04
0.45
0.1
0.03
0.72
0.06
0.42
0.1
1.35
0.01
0.03
0.55
0.01
0.32
1.71
0.02
1.69
0.03
0.04
0.04
0.07
0.03
0.04
0.08
0.08
0.22
0.01
0.01
0.02
0.82
0.33
0.52
0.17
0.14
0.42
0.02
0.95
0.04
0.08
0.01
0.05
0.31
0.06
0.01
0.03
0.54
0.34
0.79
0.6
0.15
0.02
0.06
1.65
0.04
0.76
0.02
0.61
0.01
0.06
0.56
0.32
0.01
0.02
0.01
0.45
0.01
0.12
1.27
0.65
1.61
0.2
0.03
0.49
0.09
0.02
0.3
0.06
0.02
0.04
0.46
0.32
0.3
0.34
0.01
0.07
0.02
0.24
0.34
0.01
0.12
0.03
0.46
1.36
0.01
0.81
0.69
0.44
1.56
0.44
0.01
0.02
0.02
0.03
0.02
0.08
0.19
0.02
0.04
0.13
0.33
0.49
0.04
0.25
0.29
0.16
1.27
1.52
0.06
0.01
0.01
1.51
0.42
0.21
0.11
0.03
0.15
0.05
1.5
0.02
0.92
0.09
0.1
0.36
0.09
0.25
0.04
0.02
0.52
0.02
0.39
0.65
0.05
0.01
0.07
0.65
0.07
0.02
0.01
0.89
1.3
0.1
0.14
0.28
0.25
0.04
0.04
0.02
0.54
0.46
1.44
1.45
1.45
1.44
0.03
0.03
0.01
0.03
1.09
0.35
1.39
0.01
0.03
0.22
0.71
1.3
0.44
0.35
0.02
1.24
0.02
0.06
0.03
0.77
0.03
0.32
0.08
1.39
0.06
0.02
0.01
1.18
0.15
0.91
0.01
0.28
0.49
0.59
0.02
0.02
0.54
0.07
1.37
0.15
0.16
0.02
1
1.36
1.26
0.01
0.01
0.01
0.02
1.06
1.07
0.02
0.01
0.01
0.08
0.04
0.13
0.02
0.49
0.11
0.08
1.03
0.24
0.05
0.1
0.02
0.05
1.33
0.05
0.01
0.01
0.07
0.04
0.01
0.05
0.4
0.02
0.06
0.96
0.02
0.13
0.09
0.06
0.02
0.11
1.29
0.05
0.28
0.08
0.58
0.85
0.45
0.06
0.43
0.06
0.01
0.01
0.06
0.06
1.28
0.02
0.21
0.4
0.36
0.47
0.41
0.17
0.26
0.24
0.06
0.53
0.32
0.05
1.1
0.01
1.12
0.05
0.09
0.01
0.01
0.02
1.25
1.25
0.1
0.02
0.31
0.03
0.03
0.02
0.34
0.22
0.75
0.43
0.07
0.04
0.05
0.18
0.75
0.13
0.62
0.12
0.11
0.03
0.07
0.67
0.46
1
0.85
0.12
0.08
0.01
1.14
0.27
0.01
0.62
0.01
0.14
0.01
0.28
0.35
1.2
0.01
0.15
0.03
0.01
0.21
0.31
0.11
0.56
0.36
1.2
1.2
1.2
0.01
0.01
0.19
0.11
0.35
0.04
0.01
0.29
0.36
0.38
0.27
0.01
0.44
0.38
1.08
0.86
0.52
0.36
0.39
0.42
0.02
0.04
1.17
0.02
0.01
0.83
0.02
0.21
0.43
0.01
0.04
0.77
0.07
0.5
0.3
0.01
0.02
0.15
0.01
0.41
1.15
1.15
0.01
0.46
1.15
1.07
0.25
0.2
0.65
0.09
0.35
0.02
0.47
0.15
0.25
0.48
0.76
0.06
0.05
0.88
0.01
0.11
1.06
0.84
0.02
0.04
0.37
0.17
0.3
0.06
0.01
0.09
0.63
0.01
0.62
0.38
0.02
0.01
Activision
0.7
1.1
0.73
0.29
0.12
0.1
1.1
1.1
1.1
0.29
0.45
1.1
0.04
0.31
0.13
0.03
0.01
0.72
0.84
1.07
0.01
0.02
0.01
0.01
1.02
0.01
0.01
0.08
0.04
0.28
0.19
1
0.03
0.77
0.03
0.01
0.04
0.13
0.71
0.09
0.02
0.45
0.03
0.99
0.03
0.09
0.01
0.01
0.01
0.01
0.2
0.92
1.05
1.04
1.05
0.01
0.03
0.66
0.01
0.83
0.05
0.22
0.45
0.31
0.37
0.05
0.01
0.03
0.02
0.21
0.85
0.08
0.51
0.01
0.26
0.01
0.02
0.01
0.49
0.01
0.01
0.37
0.02
0.22
0.01
0.05
1.01
0.02
0.74
0.05
0.17
0.46
0.03
0.38
0.21
0.09
0.19
0.47
1
0.03
0.03
0.02
0.74
0.01
0.41
0.02
0.38
0.04
0.64
0.12
0.19
0.15
0.45
0.28
0.21
0.01
0.38
0.05
0.01
0.29
0.86
0.03
0.97
0.26
0.05
0.96
0.9
0.57
0.96
0.22
0.06
0.34
0.13
0.04
0.53
0.51
0.63
0.46
0.09
0.41
0.01
0.2
0.01
0.13
0.06
0.71
0.63
0.01
0.04
0.04
0.15
0.36
0.47
0.42
0.32
0.09
0.27
0.02
0.93
0.02
0.53
0.39
0.43
0.02
0.18
0.66
0.21
0.3
0.02
0.01
0.21
0.16
0.02
0.46
0.02
0.02
0.91
0.05
0.11
0.08
0.9
0.01
0.02
0.04
0.02
0.55
0.01
0.01
0.04
0.05
0.04
0.24
0.3
0.89
0.56
0.15
0.05
0.89
0.01
0.09
0.01
0.01
0.77
0.46
0.01
0.3
0.01
0.03
0.87
0.01
0.01
0.12
0.09
0.62
0.01
0.01
0.01
0.01
0.3
0.64
0.03
0.02
0.86
0.01
0.12
0.12
0.51
0.02
0.57
0.37
0.09
0.18
0.13
0.08
0.21
0.2
0.2
0.02
0.01
0.01
0.45
0.14
0.01
0.52
0.01
0.13
0.39
0.02
0.4
0.34
0.05
0.28
0.01
0.83
0.12
0.1
0.14
0.05
0.06
0.28
0.01
0.36
0.11
0.03
0.01
0.81
0.81
0.66
0.81
0.76
0.63
0.07
0.81
0.27
0.03
0.81
0.75
0.09
0.11
0.74
0.3
0.09
0.04
0.2
0.28
0.75
0.26
0.8
0.8
0.74
0.29
0.74
0.19
0.01
0.32
0.02
0.23
0.79
0.01
0.07
0.13
0.01
0.21
0.04
0.03
0.01
0.01
0.13
0.01
0.21
0.01
0.78
0.13
0.02
0.01
0.03
0.03
0.77
0.08
0.14
0.56
0.38
0.11
0.17
0.42
0.12
0.03
0.43
0.71
0.03
0.11
0.1
0.76
0.76
0.62
0.03
0.13
0.07
0.08
0.01
0.26
0.76
0.25
0.2
0.02
0.05
0.06
0.01
0.27
0.07
0.13
0.23
0.01
0.11
0.3
0.01
0.08
0.3
0.74
0.72
0.15
0.01
0.01
0.01
0.06
0.22
0.37
0.02
0.22
0.5
0.19
0.02
0.03
0.3
0.03
0.24
0.46
0.73
0.17
0.02
0.01
0.73
0.53
0.02
0.73
0.24
0.01
0.73
0.17
0.14
0.25
0.02
0.67
0.72
0.01
0.22
0.7
0.27
0.32
0.01
0.01
0.61
0.02
0.01
0.29
0.07
0.17
0.71
0.05
0.41
0.09
0.41
0.5
0.7
0.3
0.2
0.12
0.58
0.01
0.12
0.36
0.17
0.7
0.02
0.26
0.22
0.28
0.05
0.69
0.69
0.01
0.18
0.18
0.01
0.28
0.22
0.38
0.11
0.2
0.33
0.02
0.67
0.23
0.67
0.01
0.01
0.31
0.04
0.34
0.18
0.66
0.42
0.03
0.13
0.66
0.01
0.66
0.64
0.04
0.03
0.11
0.01
0.3
0.62
0.55
0.01
0.42
0.41
0.66
0.32
0.01
0.29
0.12
0.3
0.58
Activision
0.33
0.18
0.26
0.01
0.65
0.01
0.65
0.01
0.01
0.03
0.22
0.22
0.04
0.19
0.34
0.4
0.01
0.2
0.07
0.01
0.63
0.01
0.63
0.63
0.25
0.27
0.63
0.38
0.16
0.59
0.15
0.34
0.34
0.01
0.32
0.62
0.29
0.03
0.01
0.11
0.12
0.01
0.23
0.62
0.62
0.62
0.57
0.62
0.62
0.58
0.04
0.2
0.01
0.25
0.57
0.01
0.27
0.01
0.11
0.61
0.05
0.08
0.22
0.09
0.01
0.08
0.09
0.42
0.6
0.07
0.02
0.34
0.21
0.6
0.23
0.14
Activision
0.56
0.56
0.11
0.01
0.04
0.33
0.6
0.14
0.6
0.03
0.05
0.21
0.59
0.05
0.56
0.55
0.59
0.16
0.31
0.14
0.59
0.01
0.05
0.01
0.27
0.11
0.59
0.2
0.14
0.13
0.02
0.55
0.07
0.47
0.38
0.02
0.04
0.27
0.19
0.16
0.54
0.5
0.58
0.23
0.58
0.02
0.22
0.13
0.57
0.54
0.35
0.31
0.06
Activision
0.57
0.35
0.17
0.02
0.57
0.14
0.57
0.29
0.17
0.21
0.03
0.34
0.42
0.09
0.12
0.13
0.21
0.26
0.05
0.07
0.45
0.26
0.56
0.56
0.56
0.02
0.56
0.09
0.01
0.01
0.27
0.01
0.06
0.22
0.04
0.02
0.15
0.01
0.55
0.52
0.55
0.55
0.12
0.55
0.25
0.24
0.1
0.02
0.51
0.55
0.55
0.55
0.02
0.24
0.04
0.03
0.54
0.54
0.25
0.54
0.13
0.36
0.54
0.01
0.03
0.35
0.16
0.54
0.22
0.28
0.5
0.54
0.01
0.04
0.03
0.07
0.48
0.38
0.18
0.03
0.14
0.27
0.17
0.53
0.53
0.53
0.38
0.08
0.26
0.48
0.25
0.49
0.02
0.01
0.53
0.1
0.49
0.01
0.19
0.52
0.13
0.52
0.33
0.02
0.16
0.24
0.01
0.02
0.16
0.02
0.02
0.28
0.02
0.18
0.52
0.02
0.04
0.12
0.31
0.52
0.11
0.22
0.15
0.2
0.25
0.27
0.02
0.35
0.08
0.51
0.22
0.51
0.37
0.51
0.22
0.48
0.06
0.2
0.3
0.07
0.02
0.01
0.51
0.05
0.5
0.3
0.07
0.04
0.02
0.18
0.31
0.24
0.5
0.08
0.29
0.01
0.28
0.5
0.5
0.46
0.01
0.04
0.03
0.12
0.16
0.32
0.05
0.49
0.07
0.32
0.07
0.17
0.24
0.03
0.49
0.49
0.13
0.04
0.01
0.49
0.16
0.49
0.46
0.01
0.02
0.25
0.02
0.03
0.49
0.35
0.49
0.05
0.18
0.34
0.45
0.48
0.01
0.17
0.11
0.14
0.02
0.24
0.11
0.02
0.17
0.01
0.29
0.19
0.04
0.31
0.47
0.03
0.01
0.47
0.01
0.38
0.46
0.39
0.47
0.01
0.44
0.08
0.01
0.02
0.45
0.47
0.07
0.47
0.01
0.01
0.46
0.27
0.01
0.1
0.07
0.21
0.1
0.03
0.12
0.06
0.04
0.06
0.46
0.2
0.46
0.01
0.02
0.04
0.22
0.46
0.46
0.17
0.45
0.45
0.45
0.45
0.02
0.45
0.16
0.01
0.12
0.42
0.38
0.01
0.45
0.45
0.03
0.45
0.05
0.42
0.42
0.01
0.42
0.36
0.01
0.11
0.19
0.07
0.01
0.23
0.02
0.37
0.14
0.03
0.01
0.02
0.02
0.41
0.43
0.3
0.31
0.44
0.44
0.01
0.15
0.02
0.34
0.44
0.06
0.44
0.43
0.01
0.05
0.44
0.32
0.01
0.44
0.44
0.44
0.07
0.07
0.12
0.11
0.26
0.06
0.01
0.43
0.11
0.09
0.01
0.07
0.17
0.43
0.08
0.07
0.13
0.24
0.04
0.25
0.29
0.03
0.23
0.02
0.42
0.42
0.21
0.22
0.42
0.05
0.06
0.41
0.09
0.42
0.01
0.01
0.01
0.39
0.42
0.42
0.39
0.42
0.27
0.42
0.03
0.16
0.05
0.35
0.05
0.16
0.03
0.1
0.12
0.03
0.42
0.42
0.09
0.11
0.05
0.41
0.41
0.39
0.04
0.41
0.03
0.07
0.41
0.09
0.41
0.1
0.01
0.41
0.41
0.02
0.25
0.41
0.16
0.38
0.01
0.19
0.37
0.41
0.04
0.12
0.13
0.4
0.41
0.41
0.01
0.41
0.02
0.01
0.09
0.41
0.06
0.1
0.22
0.02
0.03
0.4
0.4
0.4
0.01
0.03
0.38
0.07
0.4
0.08
0.4
0.09
0.06
0.4
0.17
0.16
0.39
0.4
0.15
0.37
Activision
0.4
0.4
0.04
0.01
0.39
0.04
0.39
0.25
0.24
0.01
0.03
0.15
0.39
0.02
0.03
0.37
0.05
0.39
0.05
0.34
0.08
0.09
0.01
0.06
0.39
0.39
0.39
0.01
0.39
0.04
0.01
0.2
0.36
0.28
0.01
0.03
0.38
0.25
0.38
0.36
0.38
0.06
0.38
0.38
0.17
0.36
0.38
0.1
0.16
0.36
0.25
0.31
0.38
0.12
0.38
0.2
0.38
0.09
0.07
0.38
0.2
0.19
0.38
0.11
0.04
0.01
0.05
0.19
0.35
0.37
0.21
0.37
0.07
0.37
0.04
0.37
0.35
0.01
0.32
0.01
0.02
0.15
0.37
0.01
0.02
0.36
0.01
0.37
0.02
0.37
0.18
0.04
0.37
0.13
0.37
0.06
0.36
0.21
0.36
0.04
0.31
0.36
0.07
0.36
0.01
0.36
0.36
0.21
0.01
0.14
0.23
0.08
0.34
0.04
0.36
0.23
0.16
0.35
0.36
0.36
0.36
0.36
0.23
0.33
0.36
0.35
0.33
0.36
0.36
0.36
0.23
0.12
0.02
0.02
0.27
0.19
0.35
0.35
0.35
0.01
0.35
0.3
0.35
0.05
0.28
0.03
0.07
0.35
0.25
0.29
0.14
0.02
0.04
0.16
0.32
0.02
0.35
0.15
0.35
0.32
0.34
0.12
0.01
0.34
0.2
0.01
0.01
0.19
0.34
0.08
0.11
0.03
0.34
0.02
0.15
0.34
0.23
0.14
0.15
0.01
0.08
0.03
0.25
0.16
0.19
0.02
0.33
0.21
0.08
0.22
0.09
0.15
0.1
0.33
0.08
0.01
0.31
0.02
0.03
0.31
0.33
0.33
0.02
0.09
0.23
0.16
0.29
0.33
0.15
0.12
0.33
0.09
0.16
0.06
0.31
0.33
0.03
0.32
0.33
0.33
0.31
0.15
0.04
0.33
0.14
0.16
0.3
0.32
0.01
0.08
0.1
0.32
0.3
0.21
0.1
0.08
0.12
0.03
0.32
0.15
0.32
0.16
0.13
0.15
0.13
0.32
0.16
0.08
0.07
0.03
0.32
0.32
0.15
0.15
0.3
0.32
0.08
0.05
0.32
0.02
0.32
0.32
0.32
0.3
0.3
0.32
0.02
0.32
0.16
0.12
0.17
0.32
0.1
0.32
0.32
0.31
0.02
0.19
0.31
0.31
0.31
0.31
0.18
0.1
0.19
0.03
0.2
0.01
0.06
0.31
0.12
0.13
0.16
0.31
0.31
0.06
0.29
0.13
0.26
0.26
0.31
0.01
0.08
0.31
0.29
0.31
0.14
0.11
0.09
0.31
0.3
0.06
0.31
0.31
0.3
0.01
0.3
0.3
0.17
0.14
0.3
0.21
0.08
0.3
0.3
0.3
0.3
0.3
0.04
0.3
0.3
0.07
0.07
0.11
0.19
0.3
0.3
0.3
0.02
0.28
0.3
0.3
0.1
0.3
0.06
0.08
0.06
0.01
0.3
0.3
0.15
0.3
0.3
0.3
0.29
0.3
0.3
0.3
0.05
0.09
0.29
0.29
0.25
0.29
0.22
0.27
0.08
0.29
0.27
0.03
0.11
0.02
0.29
0.07
0.28
0.04
0.04
0.28
0.01
0.29
0.02
0.16
0.12
0.29
0.16
0.27
0.01
0.03
0.15
0.29
0.04
0.05
0.16
0.29
0.17
0.06
0.29
0.21
0.2
0.29
0.22
0.1
0.29
0.27
0.29
0.29
0.05
0.29
0.01
0.17
0.28
0.28
0.28
0.28
0.1
0.28
0.28
0.19
0.02
0.28
0.28
0.05
0.14
0.01
0.28
0.28
0.28
0.28
0.28
0.28
0.01
0.03
0.28
0.1
0.1
0.02
0.23
0.08
0.06
0.2
0.28
0.08
0.01
0.12
0.17
0.28
0.11
0.28
0.03
0.28
0.28
0.28
0.27
0.26
0.06
0.27
0.14
0.28
0.15
0.01
0.28
0.28
0.28
0.17
0.27
0.27
0.26
0.27
0.26
0.11
0.09
0.27
0.01
0.22
0.27
0.27
0.27
0.27
0.07
0.1
0.27
0.27
0.26
0.27
0.01
0.27
0.12
0.19
0.27
0.14
0.27
0.04
0.27
0.26
0.05
0.27
0.18
0.25
0.27
0.14
0.27
0.27
0.01
0.25
0.03
0.26
0.26
0.26
0.04
0.25
0.26
0.11
0.15
0.12
0.26
0.25
0.26
0.16
0.26
0.26
0.26
0.05
0.26
0.09
0.14
0.26
0.26
0.26
0.16
0.26
0.07
0.25
0.25
0.18
0.25
0.02
0.26
0.26
0.26
0.14
0.26
0.26
0.26
0.11
0.26
0.26
0.14
0.02
0.26
0.19
0.02
0.24
0.26
0.02
0.13
0.26
0.11
0.26
0.26
0.25
0.04
0.26
0.11
0.24
0.25
0.02
0.19
0.06
0.25
0.25
0.25
0.03
0.25
0.24
0.05
0.1
0.01
0.25
0.06
0.02
0.02
0.1
0.25
0.23
0.25
0.05
0.1
0.14
0.25
0.23
0.25
0.25
0.06
0.25
0.18
0.24
0.24
0.25
0.01
0.05
0.03
0.25
0.12
0.15
0.23
0.03
0.01
0.1
0.12
0.24
0.05
0.23
0.24
0.04
0.16
0.1
0.23
0.23
0.06
0.08
0.02
0.24
0.11
0.18
0.16
0.05
0.16
0.01
0.03
0.24
0.24
0.06
0.24
0.24
0.01
0.24
0.12
0.24
0.01
0.23
0.24
0.07
0.24
0.13
0.06
0.12
0.06
0.24
0.04
0.24
0.03
0.13
0.02
0.23
0.23
0.23
0.23
0.23
0.13
0.23
0.23
0.23
0.14
0.23
0.23
0.06
0.01
0.23
0.23
0.23
0.05
0.12
0.23
0.02
0.01
0.23
0.23
0.23
0.23
0.08
0.23
0.23
0.23
0.23
0.04
0.23
0.1
0.23
0.23
0.21
0.12
0.23
0.12
0.04
0.17
0.07
0.08
0.04
0.01
0.12
0.23
0.11
0.21
0.23
0.23
0.05
0.22
0.22
0.22
0.22
0.22
0.22
0.22
0.22
0.03
0.22
0.06
0.09
0.12
0.22
0.03
0.06
0.18
0.17
0.08
0.22
0.07
0.01
0.1
0.22
0.05
0.22
0.17
0.13
0.11
0.12
0.22
0.22
0.22
0.13
0.08
0.22
0.03
0.22
0.22
0.22
0.22
0.22
0.08
0.22
0.06
0.13
0.21
0.21
0.21
0.15
0.21
0.04
0.21
0.21
0.01
0.21
0.01
0.1
0.04
0.21
0.2
0.21
0.19
0.1
0.21
0.03
0.21
0.02
0.08
0.12
0.03
0.2
0.21
0.2
0.2
0.01
0.07
0.21
0.21
0.03
0.02
0.17
0.08
0.11
0.21
0.05
0.21
0.21
0.19
0.21
0.21
0.08
0.12
0.05
0.21
0.21
0.21
0.03
0.06
0.2
0.2
0.2
0.01
0.2
0.06
0.14
0.2
0.07
0.2
0.02
0.2
0.2
0.09
0.2
0.2
0.05
0.2
0.2
0.2
0.02
0.1
0.2
0.2
0.2
0.2
0.03
0.2
0.2
0.01
0.09
0.01
0.01
0.07
0.03
0.2
0.18
0.07
0.04
0.2
0.17
0.05
0.2
0.12
0.05
0.2
0.19
0.02
0.2
0.2
0.2
0.2
0.16
0.07
0.2
0.01
0.01
0.08
0.2
0.2
0.2
0.2
0.2
0.18
0.07
0.02
0.2
0.2
0.2
0.1
0.09
0.07
0.05
0.02
0.16
0.04
0.18
0.19
0.19
0.19
0.19
0.19
0.06
0.18
0.04
0.19
0.14
0.04
0.08
0.19
0.19
0.19
0.02
0.19
0.19
0.11
0.19
0.01
0.19
0.19
0.19
0.19
0.18
0.02
0.19
0.19
0.03
0.01
0.06
0.16
0.19
0.19
0.19
0.19
0.19
0.16
0.01
0.19
0.19
0.01
0.03
0.18
0.19
0.1
0.19
0.19
0.18
0.19
0.19
0.01
0.19
0.13
0.19
0.06
0.19
0.19
0.19
0.03
0.02
0.02
0.19
0.11
0.06
0.02
0.19
0.19
0.19
0.19
0.19
0.19
0.19
0.19
0.03
0.19
0.03
0.19
0.19
0.07
0.1
0.02
0.09
0.01
0.19
0.11
0.07
0.18
0.11
0.18
0.18
0.11
0.18
0.01
0.18
0.05
0.08
0.18
0.18
0.17
0.18
0.18
0.13
0.04
0.06
0.18
0.18
0.18
0.18
0.12
0.17
0.01
0.09
0.01
0.18
0.07
0.18
0.18
0.18
0.18
0.05
0.1
0.18
0.03
0.08
0.18
0.04
0.08
0.1
0.18
0.18
0.05
0.18
0.18
0.18
0.02
0.18
0.18
0.01
0.07
0.17
0.17
0.05
0.17
0.17
0.17
0.16
0.17
0.03
0.17
0.02
0.02
0.17
0.17
0.17
0.16
0.06
0.16
0.17
0.16
0.16
0.17
0.17
0.17
0.08
0.17
0.17
0.07
0.01
0.17
0.11
0.08
0.17
0.17
0.17
0.04
0.12
0.17
0.16
0.17
0.06
0.04
0.17
0.09
0.17
0.02
0.03
0.17
0.16
0.17
0.02
0.08
0.12
0.17
0.17
0.16
0.17
0.06
0.04
0.01
0.17
0.17
0.17
0.17
0.17
0.03
0.13
0.17
0.17
0.17
0.17
0.15
0.12
0.16
0.05
0.16
0.16
0.09
0.03
0.16
0.15
0.14
0.16
0.02
0.16
0.03
0.15
0.16
0.15
0.01
0.1
0.16
0.16
0.03
0.04
0.16
0.16
0.03
0.01
0.16
0.16
0.06
0.16
0.16
0.03
0.16
0.16
0.03
0.15
0.12
0.12
0.16
0.16
0.16
0.04
0.16
0.16
0.15
0.16
0.04
0.16
0.15
0.15
0.03
0.16
0.12
0.06
0.15
0.08
0.13
0.15
0.16
0.16
0.03
0.01
0.04
0.16
0.11
0.16
0.02
0.16
0.08
0.16
0.11
0.16
0.06
0.12
0.14
0.06
0.03
0.08
0.15
0.14
0.15
0.15
0.04
0.15
0.08
0.15
0.15
0.15
0.02
0.05
0.06
0.15
0.04
0.15
0.15
0.15
0.15
0.03
0.14
0.15
0.15
0.01
0.15
0.01
0.15
0.15
0.15
0.15
0.09
0.01
0.15
0.15
0.04
0.14
0.03
0.04
0.1
0.15
0.15
0.15
0.15
0.14
0.15
0.15
0.07
0.15
0.15
0.01
0.11
0.15
0.14
0.04
0.15
0.15
0.15
0.14
0.01
0.14
0.15
0.15
0.05
0.09
0.15
0.15
0.15
0.15
0.14
0.14
0.14
0.14
0.04
0.13
0.14
0.14
0.02
0.14
0.14
0.14
0.14
0.01
0.08
0.05
0.14
0.14
0.14
0.13
0.13
0.05
0.06
0.14
0.14
0.14
0.06
0.14
0.14
0.06
0.02
0.11
0.14
0.14
0.13
0.04
0.11
0.01
0.02
0.01
0.14
0.01
0.13
0.14
0.13
0.14
0.13
0.14
0.14
0.02
0.05
0.14
0.1
0.14
0.14
0.14
0.01
0.02
0.09
0.14
0.03
0.14
0.14
0.14
0.06
0.03
0.14
0.14
0.14
0.08
0.14
0.13
0.14
0.14
0.01
0.14
0.13
0.14
0.09
0.07
0.14
0.01
0.13
0.13
0.14
0.02
0.14
0.14
0.02
0.14
0.13
0.01
0.07
0.01
0.14
0.14
0.03
0.13
0.13
0.13
0.13
0.13
0.13
0.13
0.13
0.13
0.13
0.13
0.13
0.13
0.07
0.13
0.02
0.01
0.05
0.03
0.13
0.01
0.13
0.13
0.13
0.13
0.13
0.13
0.04
0.08
0.01
0.04
0.13
0.13
0.13
0.13
0.13
0.13
0.13
0.04
0.13
0.06
0.01
0.13
0.13
0.05
0.13
0.13
0.03
0.05
0.06
0.13
0.04
0.13
0.07
0.05
0.13
0.13
0.03
0.13
0.13
0.12
0.13
0.07
0.13
0.13
0.13
0.04
0.1
0.05
0.04
0.13
0.02
0.13
0.13
0.13
0.06
0.13
0.13
0.12
0.03
0.13
0.13
0.04
0.13
0.13
0.13
0.02
0.13
0.13
0.13
0.13
0.13
0.12
0.12
0.12
0.12
0.12
0.12
0.01
0.12
0.05
0.12
0.12
0.12
0.12
0.12
0.12
0.12
0.12
0.12
0.12
0.07
0.12
0.03
0.03
0.12
0.12
0.12
0.03
0.01
0.12
0.12
0.12
0.12
0.12
0.12
0.12
0.12
0.12
0.12
0.12
0.12
0.01
0.12
0.06
0.12
0.06
0.12
0.03
0.12
0.12
0.1
0.12
0.11
0.12
0.05
0.09
0.03
0.12
0.12
0.12
0.12
0.12
0.12
0.12
0.01
0.12
0.12
0.12
0.03
0.12
0.03
0.12
0.01
0.12
0.12
0.12
0.01
0.12
0.02
0.12
0.11
0.01
0.11
0.12
0.06
0.12
0.12
0.01
0.12
0.12
0.12
0.12
0.12
0.12
0.12
0.11
0.12
0.12
0.01
0.12
0.11
0.12
0.12
0.12
0.12
0.02
0.05
0.11
0.06
0.11
0.05
0.11
0.11
0.11
0.02
0.11
0.11
0.11
0.08
0.03
0.11
0.06
0.11
0.11
0.11
0.02
0.11
0.11
0.11
0.08
0.11
0.11
0.11
0.11
0.01
0.03
0.11
0.11
0.11
0.11
0.11
0.06
0.01
0.11
0.1
0.11
0.11
0.11
0.11
0.11
0.11
0.03
0.11
0.04
0.05
0.11
0.11
0.11
0.11
0.02
0.11
0.11
0.11
0.11
0.07
0.11
0.11
0.11
0.11
0.11
0.11
0.11
0.11
0.06
0.11
0.11
0.02
0.02
0.11
0.11
0.11
0.11
0.02
0.01
0.11
0.11
0.01
0.11
0.11
0.11
0.11
0.11
0.11
0.1
0.09
0.09
0.1
0.04
0.11
0.11
0.1
0.11
0.1
0.03
0.11
0.11
0.11
0.06
0.11
0.09
0.04
0.11
0.11
0.11
0.11
0.01
0.06
0.11
0.05
0.11
0.11
0.05
0.11
0.11
0.11
0.11
0.11
0.1
0.04
0.1
0.04
0.1
0.1
0.1
0.1
0.1
0.1
0.1
0.1
0.1
0.1
0.1
0.03
0.1
0.06
0.06
0.1
0.1
0.1
0.1
0.1
0.1
0.1
0.07
0.1
0.01
0.1
0.04
0.05
0.1
0.1
0.1
0.1
0.1
0.1
0.1
0.01
0.1
0.1
0.1
0.1
0.1
0.1
0.1
0.1
0.1
0.02
0.02
0.1
0.1
0.1
0.05
0.1
0.09
0.1
0.02
0.1
0.1
0.1
0.1
0.03
0.1
0.07
0.1
0.1
0.04
0.1
0.1
0.1
0.05
0.1
0.02
0.1
0.1
0.1
0.1
0.09
0.03
0.01
0.1
0.1
0.1
0.1
0.1
0.1
0.01
0.1
0.1
0.1
0.1
0.1
0.1
0.1
0.01
0.03
0.02
0.01
0.09
0.07
0.1
0.09
0.03
0.1
0.09
0.07
0.1
0.1
0.1
0.06
0.09
0.1
0.06
0.1
0.1
0.03
0.1
0.1
0.1
0.06
0.09
0.02
0.09
0.1
0.1
0.09
0.1
0.1
0.01
0.07
0.09
0.09
0.09
0.09
0.09
0.09
0.04
0.09
0.09
0.09
0.09
0.09
0.09
0.09
0.09
0.04
0.02
0.09
0.08
0.09
0.06
0.09
0.01
0.09
0.05
0.09
0.09
0.09
0.09
0.09
0.09
0.09
0.09
0.09
0.05
0.09
0.04
0.09
0.05
0.09
0.09
0.09
0.09
0.09
0.09
0.09
0.09
0.08
0.02
0.03
0.01
0.09
0.09
0.09
0.01
0.09
0.03
0.04
0.09
0.09
0.09
0.09
0.08
0.05
0.06
0.09
0.01
0.01
0.09
0.09
0.01
0.08
0.09
0.09
0.09
0.09
0.01
0.04
0.09
0.08
0.04
0.09
0.09
0.09
0.09
0.09
0.09
0.09
0.09
0.09
0.09
0.09
0.09
0.02
0.09
0.04
0.09
0.09
0.09
0.08
0.09
0.02
0.09
0.05
0.09
0.08
0.03
0.08
0.09
0.01
0.08
0.09
0.01
0.09
0.09
0.09
0.09
0.09
0.09
0.08
0.05
0.09
0.03
0.09
0.09
0.01
0.09
0.09
0.09
0.09
0.04
0.08
0.08
0.08
0.08
0.08
0.08
0.08
0.08
0.08
0.08
0.03
0.08
0.08
0.08
0.08
0.02
0.08
0.08
0.08
0.08
0.08
0.08
0.08
0.04
0.08
0.08
0.08
0.08
0.08
0.02
0.08
0.08
0.08
0.05
0.08
0.08
0.05
0.08
0.08
0.08
0.08
0.08
0.08
0.08
0.08
0.08
0.08
0.08
0.08
0.05
0.08
0.08
0.08
0.08
0.02
0.08
0.08
0.08
0.08
0.08
0.08
0.07
0.08
0.06
0.06
0.08
0.08
0.08
0.08
0.08
0.08
0.08
0.08
0.08
0.08
0.08
0.08
0.08
0.08
0.04
0.08
0.08
0.08
0.08
0.03
0.03
0.08
0.02
0.01
0.08
0.08
0.08
0.08
0.08
0.07
0.08
0.08
0.08
0.08
0.08
0.08
0.08
0.08
0.08
0.08
0.08
0.08
0.08
0.08
0.08
0.07
0.08
0.08
0.08
0.08
0.08
0.08
0.03
0.08
0.08
0.08
0.08
0.08
0.08
0.08
0.08
0.08
0.05
0.02
0.08
0.08
0.08
0.08
0.08
0.08
0.08
0.08
0.08
0.08
0.08
0.08
0.08
0.02
0.07
0.07
0.07
0.07
0.07
0.07
0.07
0.07
0.07
0.07
0.07
0.07
0.07
0.07
0.07
0.07
0.07
0.07
0.07
0.07
0.07
0.07
0.07
0.07
0.07
0.07
0.07
0.07
0.07
0.07
0.07
0.07
0.07
0.07
0.07
0.07
0.07
0.07
0.05
0.07
0.07
0.07
0.07
0.07
0.07
0.07
0.07
0.07
0.04
0.07
0.07
0.07
0.07
0.07
0.07
0.07
0.02
0.07
0.07
0.07
0.07
0.07
0.07
0.01
0.07
0.03
0.07
0.07
0.07
0.01
0.07
0.07
0.07
0.07
0.07
0.07
0.02
0.07
0.07
0.07
0.07
0.04
0.07
0.07
0.04
0.07
0.02
0.07
0.07
0.07
0.03
0.07
0.07
0.07
0.07
0.03
0.07
0.02
0.07
0.07
0.05
0.06
0.04
0.07
0.07
0.05
0.04
0.03
0.07
0.07
0.07
0.07
0.07
0.07
0.07
0.07
0.07
0.07
0.07
0.07
0.07
0.03
0.06
0.07
0.06
0.07
0.06
0.07
0.06
0.07
0.07
0.07
0.07
0.04
0.07
0.07
0.07
0.07
0.01
0.05
0.07
0.07
0.07
0.07
0.07
0.07
0.07
0.07
0.07
0.06
0.07
0.07
0.07
0.07
0.07
0.01
0.07
0.06
0.07
0.07
0.07
0.07
0.07
0.06
0.07
0.07
0.03
0.07
0.07
0.06
0.05
0.06
0.01
0.06
0.06
0.06
0.06
0.06
0.06
0.04
0.06
0.06
0.02
0.06
0.06
0.06
0.06
0.06
0.06
0.06
0.06
0.01
0.06
0.06
0.06
0.02
0.06
0.06
0.02
0.06
0.06
0.06
0.06
0.06
0.06
0.06
0.06
0.06
0.06
0.06
0.06
0.06
0.03
0.06
0.06
0.06
0.06
0.01
0.06
0.06
0.02
0.06
0.06
0.06
0.06
0.06
0.06
0.02
0.06
0.06
0.01
0.06
0.06
0.06
0.06
0.06
0.04
0.06
0.06
0.06
0.06
0.06
0.06
0.06
0.06
0.06
0.06
0.06
0.06
0.03
0.06
0.06
0.06
0.06
0.06
0.06
0.06
0.06
0.06
0.06
0.06
0.06
0.06
0.06
0.06
0.06
0.06
0.03
0.06
0.06
0.06
0.06
0.06
0.06
0.06
0.06
0.06
0.06
0.06
0.06
0.06
0.06
0.06
0.06
0.06
0.06
0.06
0.06
0.06
0.06
0.06
0.06
0.06
0.06
0.06
0.06
0.06
0.06
0.06
0.02
0.06
0.06
0.06
0.06
0.05
0.06
0.06
0.06
0.06
0.06
0.06
0.05
0.06
0.06
0.06
0.01
0.06
0.06
0.06
0.06
0.06
0.06
0.06
0.06
0.06
0.06
0.06
0.06
0.06
0.06
0.02
0.01
0.03
0.06
0.06
0.06
0.06
0.02
0.06
0.06
0.06
0.06
0.06
0.06
0.06
0.06
0.05
0.06
0.06
0.06
0.05
0.06
0.06
0.06
0.06
0.06
0.06
0.06
0.06
0.06
0.01
0.05
0.06
0.06
0.06
0.06
0.06
0.05
0.05
0.05
0.05
0.05
0.05
0.01
0.04
0.05
0.05
0.05
0.05
0.05
0.05
0.05
0.05
0.05
0.05
0.05
0.05
0.05
0.03
0.03
0.05
0.05
0.05
0.05
0.05
0.05
0.05
0.05
0.05
0.05
0.05
0.05
0.05
0.05
0.05
0.05
0.05
0.05
0.05
0.03
0.05
0.05
0.05
0.05
0.05
0.05
0.05
0.05
0.05
0.05
0.05
0.05
0.05
0.05
0.05
0.05
0.05
0.05
0.05
0.05
0.05
0.05
0.05
0.02
0.05
0.01
0.05
0.05
0.05
0.05
0.04
0.05
0.01
0.05
0.05
0.05
0.05
0.05
0.05
0.05
0.05
0.02
0.05
0.05
0.05
0.05
0.05
0.01
0.05
0.05
0.05
0.05
0.05
0.05
0.01
0.05
0.05
0.05
0.05
0.05
0.05
0.05
0.05
0.05
0.05
0.05
0.05
0.05
0.05
0.05
0.05
0.05
0.01
0.05
0.05
0.05
0.01
0.05
0.01
0.02
0.05
0.05
0.05
0.05
0.05
0.05
0.05
0.05
0.05
0.05
0.05
0.05
0.05
0.05
0.05
0.05
0.05
0.04
0.05
0.03
0.05
0.05
0.05
0.05
0.05
0.03
0.05
0.05
0.05
0.05
0.05
0.05
0.05
0.05
0.05
0.05
0.05
0.05
0.05
0.04
0.05
0.05
0.05
0.05
0.05
0.05
0.05
0.05
0.05
0.05
0.05
0.05
0.05
0.05
0.05
0.05
0.05
0.05
0.05
0.05
0.05
0.05
0.05
0.05
0.05
0.05
0.05
0.05
0.05
0.05
0.05
0.05
0.01
0.05
0.05
0.05
0.05
0.05
0.05
0.01
0.05
0.01
0.05
0.05
0.05
0.05
0.05
0.05
0.04
0.04
0.04
0.04
0.04
0.04
0.04
0.04
0.04
0.04
0.04
0.04
0.02
0.03
0.04
0.04
0.04
0.04
0.04
0.04
0.04
0.04
0.04
0.04
0.04
0.04
0.04
0.04
0.04
0.04
0.04
0.04
0.04
0.04
0.03
0.04
0.04
0.04
0.04
0.04
0.04
0.04
0.04
0.04
0.04
0.04
0.04
0.04
0.04
0.04
0.01
0.04
0.04
0.04
0.04
0.04
0.04
0.04
0.04
0.04
0.04
0.04
0.04
0.04
0.04
0.02
0.04
0.04
0.04
0.04
0.04
0.02
0.04
0.04
0.04
0.04
0.04
0.04
0.04
0.04
0.04
0.04
0.04
0.04
0.04
0.04
0.04
0.04
0.04
0.04
0.04
0.04
0.04
0.04
0.04
0.04
0.04
0.04
0.04
0.04
0.04
0.02
0.04
0.04
0.04
0.04
0.04
0.04
0.04
0.04
0.04
0.04
0.04
0.04
0.04
0.04
0.04
0.04
0.04
0.04
0.04
0.04
0.04
0.04
0.04
0.04
0.01
0.04
0.04
0.04
0.04
0.04
0.04
0.04
0.04
0.04
0.04
0.04
0.04
0.04
0.02
0.04
0.04
0.04
0.04
0.04
0.04
0.04
0.04
0.01
0.04
0.04
0.04
0.04
0.04
0.04
0.04
0.04
0.03
0.04
0.04
0.01
0.01
0.04
0.04
0.04
0.04
0.04
0.04
0.04
0.04
0.04
0.04
0.04
0.04
0.04
0.04
0.04
0.04
0.04
0.04
0.04
0.04
0.04
0.04
0.04
0.04
0.03
0.04
0.04
0.04
0.04
0.04
0.04
0.04
0.04
0.04
0.04
0.04
0.04
0.04
0.04
0.04
0.04
0.04
0.04
0.04
0.04
0.04
GungHo
0.04
0.04
0.04
0.04
0.04
0.04
0.04
0.04
0.04
0.04
0.04
0.04
0.04
0.04
0.04
0.04
0.04
0.04
0.04
0.04
0.04
0.04
0.04
0.04
0.04
0.04
0.04
0.04
0.04
0.04
0.04
0.04
0.04
0.01
0.03
0.03
0.03
0.03
0.03
0.03
0.03
0.03
0.03
0.03
0.03
0.03
0.03
0.03
0.03
0.03
0.03
0.03
0.03
0.03
0.03
0.03
0.03
0.03
0.01
0.03
0.03
0.03
0.03
0.03
0.03
0.01
0.03
0.03
0.03
0.03
0.03
0.03
0.03
0.03
0.03
0.03
0.03
0.03
0.03
0.03
0.03
0.03
0.03
0.03
0.03
0.03
0.03
0.03
0.03
0.03
0.03
0.03
0.03
0.03
0.03
0.03
0.03
0.03
0.03
0.03
0.03
0.02
0.03
0.03
0.03
0.03
0.03
0.03
0.03
0.03
0.03
0.03
0.03
0.03
0.03
0.03
0.03
0.03
0.03
0.03
0.03
0.03
0.03
0.03
0.03
0.03
0.03
0.03
0.03
0.03
0.03
0.03
0.03
0.03
0.03
0.02
0.03
0.03
0.03
0.03
0.03
0.03
0.03
0.03
0.03
0.03
0.03
0.03
0.03
0.03
0.03
0.03
0.03
0.03
0.03
0.03
0.03
0.03
0.03
0.03
0.03
0.03
0.03
0.03
0.03
0.03
0.02
0.03
0.03
0.03
0.03
0.03
0.03
0.03
0.03
0.03
0.03
0.03
0.03
0.03
0.03
0.03
0.03
0.03
0.03
0.03
0.03
0.03
0.03
0.03
0.03
0.03
0.03
0.03
0.03
0.03
0.03
0.03
0.03
0.03
0.03
0.03
0.03
0.03
0.03
0.03
0.03
0.03
0.03
0.03
0.03
0.03
0.03
0.03
0.03
0.03
0.02
0.03
0.03
0.03
0.03
0.03
0.03
0.03
0.03
0.03
0.03
0.03
0.03
0.03
0.03
0.03
0.03
0.03
0.03
0.03
0.03
0.03
0.01
0.03
0.03
0.03
0.03
0.03
0.03
0.03
0.03
0.03
0.03
0.03
0.03
0.03
0.03
0.03
0.03
0.03
0.03
0.03
0.03
0.03
0.03
0.03
0.03
0.03
0.03
0.03
0.03
0.03
0.03
0.03
0.03
0.03
0.03
0.03
0.03
0.03
0.03
0.03
0.03
0.03
0.03
0.03
0.03
0.03
0.03
0.03
0.03
0.03
0.03
0.03
0.03
0.03
0.03
0.03
0.03
0.03
0.03
0.03
0.03
0.03
0.03
0.03
0.03
0.03
0.03
0.03
0.03
0.03
0.03
0.03
0.03
0.03
0.03
0.03
0.03
0.01
0.03
0.03
0.03
0.03
0.03
0.03
0.03
0.03
0.03
0.03
0.03
0.01
0.03
0.03
0.01
0.03
0.03
0.03
0.03
0.03
0.03
0.03
0.03
0.01
0.03
0.02
0.03
0.03
0.03
0.03
0.03
0.03
0.03
0.03
0.03
0.03
0.03
0.03
0.03
0.03
0.03
0.03
0.03
0.03
0.03
0.03
0.03
0.03
0.03
0.03
0.03
0.03
0.03
0.03
0.03
0.03
0.03
0.03
0.03
0.03
0.03
0.02
0.03
0.03
0.03
0.03
0.03
0.03
0.03
0.03
0.02
0.03
0.03
0.03
0.03
0.02
0.02
0.02
0.02
0.02
0.02
0.02
0.02
0.02
0.02
0.02
0.02
0.02
0.02
0.02
0.02
0.02
0.02
0.02
0.02
0.02
0.02
0.02
0.02
0.02
0.02
0.02
0.02
0.02
0.02
0.01
0.02
0.01
0.02
0.02
0.02
0.02
0.02
0.02
0.02
0.02
0.02
0.02
0.02
0.02
0.02
0.02
0.02
0.02
0.02
0.02
0.02
0.02
0.02
0.02
0.02
0.02
0.02
0.02
0.02
0.02
0.02
0.02
0.02
0.02
0.02
0.02
0.02
0.02
0.02
0.02
0.02
0.02
0.02
0.02
0.02
0.02
0.02
0.02
0.02
0.02
0.02
0.02
0.02
0.02
0.02
0.02
0.01
0.02
0.02
0.02
0.02
0.02
0.02
0.02
0.02
0.02
0.02
0.02
0.02
0.02
0.02
0.02
0.02
0.02
0.02
0.02
0.02
0.02
0.02
0.02
0.02
0.02
0.02
0.02
0.02
0.02
0.02
0.02
0.02
0.02
0.02
0.02
0.02
0.02
0.02
0.02
0.02
0.02
0.02
0.02
0.02
0.02
0.02
0.02
0.02
0.02
0.02
0.02
0.02
0.02
0.02
0.02
0.02
0.02
0.02
0.02
0.02
0.02
0.02
0.02
0.02
0.02
0.02
0.02
0.02
0.02
0.02
0.02
0.02
0.02
0.02
0.02
0.02
0.02
0.02
0.02
0.02
0.02
0.02
0.02
0.02
0.02
0.02
0.02
0.02
0.02
0.02
0.02
0.02
0.02
0.02
0.02
0.02
0.02
0.02
0.02
0.02
0.02
0.02
0.01
0.02
0.02
0.02
0.02
0.02
0.02
0.02
0.02
0.02
0.02
0.02
0.02
0.02
0.02
0.02
0.02
0.02
0.02
0.02
0.02
0.02
0.02
0.02
0.02
0.02
0.02
0.02
0.02
0.02
0.02
0.02
0.02
0.02
0.02
0.02
0.02
0.02
0.02
0.02
0.02
0.02
0.02
0.02
0.02
0.02
0.02
0.02
0.02
0.02
0.02
0.02
0.02
0.02
0.02
0.02
0.02
0.02
0.02
0.02
0.02
0.02
0.02
0.02
0.02
0.02
0.02
0.02
0.02
0.02
0.02
0.02
0.02
0.02
0.02
0.02
0.02
0.02
0.02
0.02
0.02
0.02
0.02
0.02
0.02
0.02
0.02
0.02
0.02
0.02
0.02
0.02
0.02
0.02
0.02
0.02
0.02
0.02
0.02
0.02
0.02
0.02
0.02
0.02
0.02
0.02
0.02
0.02
0.02
0.02
0.02
0.02
0.02
0.02
0.02
0.02
0.02
0.02
0.02
0.02
0.02
0.02
0.02
0.02
0.02
0.02
0.02
0.02
0.02
0.02
0.02
0.02
0.02
0.02
0.02
0.02
0.02
0.02
0.02
0.02
0.02
0.02
0.02
0.02
0.02
0.02
0.02
0.02
0.02
0.02
0.02
0.02
0.02
0.02
0.02
0.02
0.02
0.02
0.02
0.02
0.02
0.02
0.02
0.02
0.02
0.02
0.02
0.02
0.02
0.02
0.02
0.02
0.02
0.02
0.02
0.02
0.02
0.02
0.02
0.02
0.02
0.02
0.02
0.02
0.02
0.02
0.02
0.02
0.02
0.02
0.02
0.02
0.02
0.02
0.02
0.02
0.02
0.02
0.02
0.02
0.02
0.02
0.02
0.02
0.02
0.02
0.02
0.02
0.02
0.02
0.02
0.02
0.02
0.02
0.02
0.02
0.02
0.02
0.02
0.02
0.02
0.02
0.02
0.02
0.02
0.02
0.02
0.02
0.02
0.02
0.02
0.02
0.02
0.02
0.02
0.02
0.02
0.02
0.02
0.02
0.02
0.02
0.02
0.02
0.02
0.02
0.02
0.02
0.02
0.02
0.02
0.02
0.02
0.02
0.02
0.02
0.02
0.02
0.02
0.02
0.02
0.02
0.02
0.02
0.02
0.02
0.02
0.02
0.02
0.02
0.02
0.02
0.02
0.02
0.02
0.02
0.02
0.02
0.02
0.02
0.02
0.02
0.02
0.02
0.02
0.02
0.01
0.01
0.01
0.01
0.01
0.01
0.01
0.01
0.01
0.01
0.01
0.01
0.01
0.01
0.01
0.01
0.01
0.01
0.01
0.01
0.01
0.01
0.01
0.01
0.01
0.01
0.01
0.01
0.01
0.01
0.01
0.01
0.01
0.01
0.01
0.01
0.01
0.01
0.01
0.01
0.01
0.01
0.01
0.01
0.01
0.01
0.01
0.01
0.01
0.01
0.01
0.01
0.01
0.01
0.01
0.01
0.01
0.01
0.01
0.01
0.01
0.01
0.01
0.01
0.01
0.01
0.01
0.01
0.01
0.01
0.01
0.01
0.01
0.01
0.01
0.01
0.01
0.01
0.01
0.01
0.01
0.01
0.01
0.01
0.01
0.01
0.01
0.01
0.01
0.01
0.01
0.01
0.01
0.01
0.01
0.01
0.01
0.01
0.01
0.01
0.01
0.01
0.01
0.01
0.01
0.01
0.01
0.01
0.01
0.01
0.01
0.01
0.01
0.01
0.01
0.01
0.01
0.01
0.01
0.01
0.01
0.01
0.01
0.01
0.01
0.01
0.01
0.01
0.01
0.01
0.01
0.01
0.01
0.01
0.01
0.01
0.01
0.01
0.01
0.01
0.01
0.01
0.01
0.01
0.01
0.01
0.01
0.01
0.01
0.01
0.01
0.01
0.01
0.01
0.01
0.01
0.01
0.01
0.01
0.01
0.01
0.01
0.01
0.01
0.01
0.01
0.01
0.01
0.01
0.01
0.01
0.01
0.01
0.01
0.01
0.01
0.01
0.01
0.01
0.01
0.01
0.01
0.01
0.01
0.01
0.01
0.01
0.01
0.01
0.01
0.01
0.01
0.01
0.01
0.01
0.01
0.01
0.01
0.01
0.01
0.01
0.01
0.01
0.01
0.01
0.01
0.01
0.01
0.01
0.01
0.01
0.01
0.01
0.01
0.01
0.01
0.01
0.01
0.01
0.01
0.01
0.01
0.01
0.01
0.01
0.01
0.01
0.01
0.01
0.01
0.01
0.01
0.01
0.01
0.01
0.01
0.01
0.01
0.01
0.01
0.01
0.01
0.01
0.01
0.01
0.01
0.01
0.01
0.01
0.01
0.01
0.01
0.01
0.01
0.01
0.01
0.01
0.01
0.01
0.01
0.01
0.01
0.01
0.01
0.01
0.01
0.01
0.01
0.01
0.01
0.01
0.01
0.01
0.01
0.01
0.01
0.01
0.01
0.01
0.01
0.01
0.01
0.01
0.01
0.01
0.01
0.01
0.01
0.01
0.01
0.01
0.01
0.01
0.01
0.01
0.01
0.01
0.01
0.01
0.01
0.01
0.01
0.01
0.01
0.01
0.01
0.01
0.01
0.01
0.01
0.01
0.01
0.01
0.01
0.01
