41.36
29.08
15.68
15.61
11.27
23.2
11.28
13.96
14.44
26.93
9.05
9.71
9
8.92
15
9.01
7.02
9.43
12.78
4.74
6.38
10.83
9.54
9.66
8.41
6.06
3.43
5.51
6.85
9.04
5.89
6.03
9.7
5.28
4.99
8.25
8.52
5.54
6.99
6.62
5.03
5.99
3.96
2.5
7.97
6.91
4.34
4.35
3.01
6.06
6.16
6.76
4.02
4.89
2.96
4.99
5.99
4.76
4.34
5.01
6.73
5.95
3.66
5.55
7.04
3.01
6.65
3.88
5.8
4.1
5.93
4.36
5.7
2.03
4.4
5.05
3.54
1.12
6.82
1.75
3.74
1.06
5.8
2.79
2.91
0.99
2.57
2.99
2.28
7.28
2.76
2.9
2.81
4.1
0.66
3.78
3.27
3.56
5.39
4.59
4.81
4.46
3.27
3.48
2.85
2.53
3.27
3.74
2.98
3.68
3.15
4.41
4.12
2.71
2.93
3.23
4.05
4.15
2.77
3.45
3.11
3.27
0.84
1.66
3.74
2.79
0.78
2.64
3.17
4.98
2.55
2.57
3.64
2.55
4.34
3.7
4.01
2.47
0.08
3.11
4.05
3.92
3.54
0.8
2.45
4.47
3.18
2.63
1.88
2.41
2.8
1.88
0.63
2.26
2.49
3.57
3.07
2.97
2.95
2.54
3.28
2.99
3.14
0.47
2.71
2.81
2.62
3.21
3.18
2.07
2.73
1.85
2.18
1.74
3.02
1.62
3.13
1.92
3.33
3.22
2.03
3.11
2.3
4.26
0.97
2.3
0.65
2.93
1.21
2.49
1.09
2.1
2.44
1.98
2.71
3.22
3.81
3.59
1.63
1.96
1.85
3.4
0.61
2.05
1.7
3.42
2.79
3.36
3.49
3.05
1.83
3.4
2.31
3.98
2.91
2.6
2.62
2.57
1.91
2.74
2.57
2.83
2.36
2.99
1.88
1.73
3.05
1.94
2.29
1.82
2.07
2.42
2.6
3.04
1.8
2.08
1.87
4.18
3.19
4.21
3.63
2.78
2.71
0.2
1.61
2.71
1.54
2.52
2.66
0.1
2.82
2.19
2.03
2.64
1.56
1.74
3.03
2.2
2.09
2.11
1.48
4
2.77
0.58
2.51
3
2.24
1.46
1.41
2.51
0.92
2.45
1.7
0.78
0.88
1.28
2.25
0.84
3.38
2.03
2.04
3.79
3.36
4.03
1.65
0.71
1.42
2.57
1.1
2.32
0.12
2.66
2.35
2.12
1.4
2.28
1.68
1.13
2.78
1.22
2.08
2.67
1.02
1.19
1.53
2.03
2.15
0.9
1.97
2.09
2.29
0.68
1.16
2.49
0.93
0.1
1.53
1.44
0.16
2.13
2.12
2.21
1.78
0.86
1.35
1.05
1.82
2.23
2.4
2.03
1.4
1.37
1.12
1.3
1.95
1.93
1.33
0.58
1.49
2.13
2.04
1.58
1.65
1.87
2.53
2.08
2.23
0.05
2.08
2.32
0.6
1.93
2.05
2.02
2.38
1.35
2.18
1.88
1.6
2.01
1.57
1.56
1.23
1.66
1.9
1.98
1.96
0.71
2.14
2.66
1.17
2.27
1.64
2.11
2.85
0.59
1.3
2.2
2.15
2.1
1.21
2.1
0.59
2.4
1.55
0.86
1.13
1.09
1.75
1.73
0.46
1.83
1.56
0.81
2.04
2.14
2.47
1.9
0.88
1.63
1.45
1.44
0.27
1.47
1.4
1.99
1.9
1.5
0.09
2.61
1.89
0.6
0.5
0.89
1.35
0.95
2.34
0.72
1.91
1.72
1.18
1.76
0.73
2.26
1.48
1.78
1.35
2.15
1.27
2.06
1.92
0.68
1.87
1.7
1.06
2.14
2.31
1.21
0.08
0.55
1.52
0.9
1.69
1.4
0.88
1.99
2.17
2.5
1.92
1.57
1.72
1.8
0.51
1
1.89
1.75
1.91
1.94
1.29
1.54
1.94
1.85
2.03
1.45
0.61
1.4
1.38
2.04
2.6
1.15
1.57
1.61
1.67
0.12
1.36
1.58
1.01
1.04
1.36
1.84
1.33
1.98
2.22
1.45
2.07
1.82
1.76
1.55
1.88
0.79
1.75
1.83
1.54
0.08
1.75
0.99
1.41
1.51
0.86
2.03
1.3
0.09
2.53
2.09
1.07
1.37
1.37
1.29
1.98
2.52
1.32
1.65
1.96
1.87
1.59
1.51
0.02
1.28
0.71
1.32
1.32
0.29
1.96
1.19
1.28
1.98
0.46
2.19
1.68
1.44
1.05
1.35
0.89
1.5
1.41
1.45
1.74
1.61
1.45
1.25
2.56
1.43
1.2
1.02
1.33
1.21
0.41
1.75
0.99
1.25
1.52
1.49
2.42
1.85
0.89
2.38
1.23
1.95
1.63
0.28
1.48
1.44
1.99
1.78
0.43
1.59
1.15
0.69
2
0.86
0.78
2
1.47
2.15
1.54
2.31
0.76
0.59
1.56
0.9
1.86
1.7
2.03
1.05
0.48
0.62
1.4
1.53
1.31
2.14
0.37
0.93
0.99
1.7
0.15
1.04
2.11
1.76
1.21
0.64
2.21
2.36
1.13
0.26
2.1
1.55
1.48
0.49
1.11
0.13
1.28
2.29
1.84
1.81
1.47
1.03
1.15
1.13
1.38
1.93
1.73
0.86
1.15
1.47
0.93
1.56
2.12
1.07
1.52
1.28
0.5
1.46
2.08
1.27
1.26
1.56
1.65
0.6
0.87
1.63
0.29
2.07
0.81
0.69
1.44
2.1
0.77
2.3
2.15
1.49
1.78
1.67
2.04
1.94
1.16
1.48
2.28
0.96
2.18
1.25
1.74
2.03
0.69
1.68
1.39
1.73
0.92
1.15
1.51
1.08
1.95
1.38
1.18
0.78
0.79
0.85
1.58
0.28
0.96
1.65
1.12
0.51
1.07
0.91
1.02
1.38
0.3
0.51
0.38
1.07
1.27
0.94
0.07
1.08
1.22
0.9
1.34
0.6
1.28
0.62
1.52
1.48
1.93
1.23
1.4
1.19
1.05
1.52
1.17
1.25
1.48
1.29
0.51
1.98
1.74
1.09
1.05
0.88
0.65
1.24
1
1.32
0.55
1.01
1.06
2.06
2.01
1.21
1.78
0.15
1.11
1.03
1.4
1.45
1.06
1.68
0.87
1.04
1.54
0.34
1.17
1.92
0.6
1.48
1.6
0.48
1.29
1.28
1.23
1.67
1.26
1.5
1.28
0.14
1.21
0.81
0.59
1.2
1.47
0.66
0.01
1.99
0.52
1.04
0.82
1.49
1.37
0.83
1.62
1.68
1.68
0.11
0.63
1.44
0.94
0.63
1.54
1.17
0.71
1.63
1.2
0.99
1.84
1.26
0.96
0.25
1.16
1.77
1.11
0.89
2.04
0.97
1.33
0.89
0.89
1.41
0.88
1.77
1.54
0.92
1.35
0.36
1.64
1.48
0.46
1.42
1.94
0.71
1.15
0.68
0.63
1.2
1.06
1.04
1.47
0.6
1.77
0.63
0.89
1.75
1.74
0.71
0.73
1.2
1.45
0.48
1.25
1.21
1.57
1.82
0.72
1.15
0.75
1.47
1.25
0.9
0.58
0.99
0.73
0.52
1.05
1.48
0.48
0.95
0.75
1.21
1.06
0.79
0.93
0.75
0.73
0.74
0.71
1.84
0.5
0.18
0.18
1.13
0.82
1.09
0.74
1.12
1.26
1.09
1.69
0.95
0.78
1.01
1.94
0.96
0.59
0.73
0.49
1.09
1.17
1.41
1.42
1.22
1
1.48
0.34
1.53
0.78
1.06
0.92
1.31
0.76
1.03
0.62
0.94
0.26
1.1
0.73
0.72
0.72
0.66
1.03
0.86
1.48
0.74
0.86
1.56
1.15
1.28
1.37
0.92
0.25
0.89
1.25
1.04
1.42
0.47
0.96
0.22
1.6
0.53
0.87
1.05
1.75
1.12
1.37
0.94
1.11
0.91
0.47
0.62
1.33
1.26
0.8
0.59
0.77
1.32
1.53
Nintendo
0.82
1.31
1.33
0.61
0.25
0.84
0.92
0.92
0.51
1.05
0.84
1.24
1.73
1.81
0.97
1.09
1.05
1.1
0.78
0.42
0.88
1
0.93
1.66
1
1.41
0.73
0.55
0.89
0.92
1.26
0.32
1.25
1.12
0.39
0.85
0.24
0.63
1.19
0.23
1.01
1.15
0.85
1.27
1.07
1.06
0.93
1.02
0.53
0.86
1.23
0.86
1.26
0.52
0.61
1.68
1.24
0.06
1.25
0.45
0.94
0.79
0.7
0.67
0.35
1
0.3
0.85
1.25
0.9
0.72
0.63
0.56
1.05
0.41
1.69
1.66
0.61
0.85
0.43
1.48
0.94
0.2
0.95
0.68
0.85
0.35
0.61
1.37
1.61
0.8
0.41
1.06
0.99
1.17
0.88
1.09
1.25
0.7
1.14
1.15
0.23
0.83
1.41
0.59
0.63
0.68
1.58
1.22
0.72
0.94
0.49
1.37
1.1
0.87
1.52
0.79
0.98
0.48
1.4
0.79
0.82
1.58
0.92
0.88
0.59
0.38
0.98
0.81
1.67
1.18
0.97
0.9
0.93
1.58
1.22
0.91
1.09
THQ
0.97
0.96
1.13
1.35
0.81
0.83
1.08
0.45
0.45
1
0.78
0.93
0.81
1.01
1.25
0.9
0.96
0.65
1.54
0.58
0.9
1.06
1.21
0.76
0.57
0.9
0.8
1.09
1.52
0.93
0.74
0.8
1.44
0.54
0.8
1.54
0.52
0.78
1.18
1.35
0.58
0.71
1.32
0.86
0.45
0.8
1.02
1.01
0.59
0.9
0.68
0.99
0.3
0.79
0.66
0.98
0.82
0.98
1.49
1.3
0.46
1.49
0.59
0.71
1.05
1.05
1.26
0.01
0.71
1.15
0.61
1.48
0.04
0.88
0.78
0.88
0.94
0.92
0.88
0.6
0.85
0.69
0.58
1.06
0.1
0.77
0.92
0.9
0.84
0.57
1.31
0.98
0.95
0.17
0.63
0.77
1.07
0.62
0.86
0.59
1.05
1.32
0.67
0.57
0.68
0.8
0.73
0.76
0.91
0.95
1.13
0.57
0.92
1.55
0.47
0.85
0.37
0.85
0.83
0.58
0.78
1.4
0.5
1.26
0.85
0.53
0.42
0.18
1.19
1.44
0.72
1.09
0.85
0.64
0.67
1.07
0.36
0.7
1.43
0.18
1.45
0.88
1.43
0.92
1.11
1.26
0.85
0.7
0.94
0.94
0.93
0.23
1.41
0.35
1.18
0.56
0.02
0.6
0.99
0.6
0.66
1.41
0.49
1.19
1.2
0.46
1
0.8
1.21
1.13
0.72
1
1.22
0.75
0.82
0.5
0.88
0.54
0.47
1.2
0.7
0.28
0.44
0.43
0.64
0.99
1.07
0.82
0.72
1.08
0.84
0.82
0.52
0.39
1.04
0.62
0.71
0.93
1.33
0.29
1.02
1.06
0.72
0.81
0.06
0.95
0.72
1.36
0.81
0.35
0.93
0.46
1.17
0.81
0.83
0.37
1.08
0.71
0.54
1.24
0.78
1.02
1.38
0.89
0.77
0.04
0.26
0.61
0.97
0.37
1.03
1.16
0.95
0.8
0.92
0.92
0.52
0.53
0.82
1.12
0.79
0.96
0.73
0.75
0.63
0.7
1.35
0.48
0.89
1.15
0.57
0.12
0.73
0.8
0.45
0.63
1.22
0.09
0.8
1.09
0.48
0.97
0.85
0.78
0.57
1.02
0.9
1.19
0.69
0.95
1.07
0.58
0.89
0.38
1.15
0.9
0.36
0.74
0.47
0.03
0.5
0.78
1.19
1.05
0.24
0.87
0.97
0.43
0.48
0.9
0.96
0.63
0.5
0.83
1.03
0.58
0.55
0.77
0.71
0.67
1.26
0.6
0.76
0.76
0.33
0.8
0.5
0.99
0.49
0.43
0.24
0.86
0.63
0.63
0.87
0.23
0.27
1.26
0.67
0.51
0.7
1.29
0.79
0.63
0.73
0.43
0.22
0.39
0.7
0.78
0.15
0.2
0.23
1.22
0.31
0.95
0.79
0.66
0.85
0.71
0.61
0.81
1.03
0.85
0.77
0.25
0.24
0.84
1.22
1.09
1.32
0.87
0.65
0.76
1.1
1.27
0.66
0.92
1.08
0.9
0.93
0.74
0.87
0.48
0.65
0.62
0.86
0.58
0.9
0.01
0.73
0.03
1.06
0.53
0.73
0.71
0.31
0.79
0.69
0.73
0.67
0.73
0.77
0.64
0.47
0.55
0.78
0.69
0.57
1.22
0.64
0.84
0.84
0.97
1.21
0.94
1.07
0.62
0.75
0.27
1.05
0.71
0.62
0.56
0.34
0.5
0.72
0.39
0.54
0.67
0.46
0.93
0.74
1.13
1.2
0.63
0.86
0.51
0.69
0.46
0.68
1.22
1.1
0.78
0.63
0.57
1.1
0.55
1.07
0.63
0.45
0.62
0.58
1.03
0.69
1.22
0.4
0.48
0.44
0.72
0.71
1.18
1
0.85
0.68
0.45
0.75
0.49
0.96
0.71
0.74
0.87
0.62
0.39
0.72
0.43
0.33
0.76
0.39
0.05
0.02
0.99
0.1
0.45
0.56
0.77
0.7
0.56
0.49
1.17
0.72
0.94
0.99
1
0.71
1.01
0.47
0.35
0.48
1.19
0.49
0.61
0.52
1.05
0.85
0.45
0.61
0.75
0.24
0.69
0.56
0.69
0.82
0.65
1.12
0.12
0.6
1.08
0.92
0.68
0.59
0.6
0.43
0.69
0.52
0.64
0.29
0.88
0.68
0.58
0.54
0.79
1
Nintendo
0.49
0.54
0.3
0.29
1.09
0.58
0.13
0.27
0.76
0.79
0.59
1.13
0.61
0.68
0.98
0.68
0.59
0.6
1.01
0.93
0.78
0.51
1.05
0.55
1.03
0.41
0.66
0.34
0.66
0.69
0.42
0.25
0.72
0.87
0.44
0.67
0.71
0.01
0.59
0.44
0.25
1
0.12
0.08
0.48
1.12
0.4
0.72
0.72
0.59
0.13
0.66
0.86
0.5
0.53
0.92
0.09
0.85
0.99
0.68
1.02
0.99
0.76
0.77
0.45
0.86
0.64
0.73
0.38
0.66
0.65
0.18
1.1
0.48
0.5
0.52
0.1
0.9
0.85
0.01
0.5
0.65
0.98
0.57
0.48
0.68
0.4
0.53
0.53
0.36
0.74
0.57
0.39
0.59
0.65
0.48
0.16
0.76
0.74
0.03
0.65
0.68
0.52
0.97
0.57
0.39
0.51
0.41
0.57
0.84
0.21
0.78
0.57
0.65
0.7
0.41
0.45
0.83
0.54
0.53
0.56
0.5
0.56
0.59
1.07
0.59
0.51
0.5
0.15
0.5
0.56
0.39
0.64
0.64
0.44
0.78
0.25
0.57
0.49
0.47
0.43
0.95
0.41
0.58
0.9
0.71
0.46
0.71
0.82
0.31
0.45
0.75
0.63
0.12
0.7
0.41
1.01
0.76
0.81
0.37
0.61
0.99
0.23
0.31
0.65
0.34
0.63
0.33
0.81
0.45
0.53
1.05
0.55
0.56
0.25
0.5
1.03
0.53
0.66
0.41
0.84
0.28
0.21
0.36
0.82
0.63
0.67
0.72
0.85
2007
0.92
0.45
0.71
0.68
0.95
0.33
0.18
0.44
0.64
0.3
0.52
1.03
1.03
0.5
0.61
0.9
0.45
0.51
0.52
0.52
0.12
0.54
0.47
0.53
0.31
0.45
0.26
0.46
1.01
0.05
0.53
0.78
0.91
1.02
0.54
0.2
1.02
0.64
0.89
0.74
0.53
0.44
0.61
1.02
0.82
0.6
0.53
0.53
0.63
0.75
0.53
0.01
0.29
0.64
0.51
1.01
0.64
0.37
0.42
0.64
0.6
0.43
0.77
0.77
0.68
0.51
0.24
0.96
0.89
0.26
0.65
0.47
0.17
0.53
0.86
0.79
0.53
0.59
0.08
0.74
0.6
0.54
0.17
0.1
0.49
0.57
0.31
0.59
0.59
0.88
0.52
0.28
0.66
0.28
0.56
0.53
0.52
0.18
0.52
0.63
1.01
1.02
0.55
0.36
1.03
0.43
0.76
0.52
0.67
0.65
0.61
0.49
0.27
0.28
0.16
0.95
0.99
0.46
0.81
0.99
0.97
0.51
0.37
0.78
0.91
0.46
0.52
0.23
0.19
0.51
0.45
0.58
0.56
0.09
0.31
0.58
0.45
0.44
0.87
0.41
0.5
0.91
0.39
0.44
0.43
0.53
0.54
0.12
0.59
0.86
0.47
0.55
0.54
0.34
0.7
0.46
0.5
0.68
0.18
0.56
0.44
0.96
0.38
0.61
0.23
0.16
0.32
0.67
0.93
0.32
0.73
0.86
0.87
0.56
0.39
0.57
0.64
0.25
0.62
0.51
0.61
0.43
0.97
0.44
0.93
0.5
0.56
0.51
0.56
0.44
0.56
0.69
0.45
0.87
0.33
0.65
0.58
0.22
0.54
0.12
0.52
0.5
0.49
0.29
0.93
0.41
0.3
0.65
0.63
0.65
0.41
0.78
0.13
0.08
0.56
0.56
0.55
0.13
0.33
0.55
0.74
0.72
0.94
0.77
0.72
0.48
0.49
0.55
0.3
0.27
0.73
0.76
0.35
0.28
0.37
0.64
0.61
0.16
0.52
0.02
0.58
0.37
0.23
0.28
0.02
0.5
0.62
0.86
0.94
0.38
0.91
0.64
0.29
0.53
0.57
0.88
0.88
0.73
0.85
0.89
0.49
0.62
0.49
0.09
0.47
0.78
0.53
0.86
0.33
0.4
0.85
0.59
0.53
0.9
0.51
0.75
0.54
0.38
0.22
0.36
0.44
0.54
0.72
0.32
0.47
0.47
0.49
0.36
0.77
0.25
0.38
0.88
0.3
0.26
0.4
0.47
0.8
0.3
0.36
0.54
0.74
0.46
0.5
0.84
0.67
0.39
0.03
0.15
0.26
0.41
0.27
0.24
0.68
0.53
0.65
0.62
0.36
0.41
0.41
0.29
0.36
0.79
0.79
0.01
0.54
0.73
0.48
0.52
0.46
0.69
0.34
0.78
0.39
0.7
0.1
0.19
0.51
0.87
0.54
0.69
0.52
0.75
0.23
0.57
0.46
0.78
0.46
0.32
0.29
0.81
0.67
0.59
0.56
0.33
0.27
0.67
0.87
0.28
0.71
0.45
0.51
0.4
0.67
0.51
0.77
0.72
0.85
0.53
0.36
0.37
0.87
0.52
0.44
0.33
0.28
0.42
0.45
0.17
0.45
0.86
0.51
0.83
0.69
0.44
0.68
0.43
0.58
0.51
0.51
0.39
0.63
0.86
0.55
0.63
0.23
0.58
0.71
0.45
0.12
0.3
0.16
0.41
0.5
0.45
0.28
0.52
0.76
0.45
0.46
0.58
0.36
0.35
0.43
0.01
0.72
0.02
0.25
0.7
0.77
0.35
0.48
0.84
0.61
0.23
0.44
0.45
0.4
0.44
0.44
0.68
0.75
0.51
0.45
0.48
0.32
0.5
0.32
0.32
0.32
0.5
0.17
0.52
0.63
0.41
0.84
0.74
0.65
0.34
0.42
0.42
0.54
0.62
0.81
0.44
0.48
0.62
0.74
0.73
0.6
0.66
0.74
0.17
0.46
0.42
0.43
0.3
0.72
0.44
0.69
0.48
0.16
0.44
0.42
0.38
0.27
0.56
0.52
0.36
0.49
0.6
0.28
0.47
0.83
0.28
0.82
0.41
0.44
0.38
0.01
0.27
0.18
0.35
0.48
0.11
0.43
0.21
0.32
0.49
0.8
0.47
0.3
0.5
0.5
0.01
0.73
0.44
0.43
0.38
0.65
0.8
0.49
0.49
0.15
0.61
0.38
0.55
0.32
0.43
0.73
0.08
0.62
0.48
0.42
0.72
0.48
0.33
0.38
0.2
0.48
0.72
0.48
0.47
0.43
0.51
0.47
0.3
0.11
0.81
0.26
0.29
0.1
0.59
0.59
0.14
0.34
0.46
0.01
0.42
0.48
0.81
0.47
0.48
0.12
0.17
0.6
0.47
0.1
0.32
0.12
0.79
0.14
0.64
0.4
0.35
0.37
0.47
0.22
0.69
0.28
0.52
0.31
0.47
0.42
0.35
0.32
0.6
0.79
0.44
0.44
0.35
0.65
0.52
0.2
0.34
0.65
0.36
0.75
0.46
0.41
0.32
0.46
0.47
0.41
0.26
0.24
0.41
0.75
0.28
0.46
0.6
0.09
0.7
0.46
0.74
0.76
0.22
0.24
0.77
0.32
0.52
0.6
0.27
0.78
0.62
0.37
0.44
0.46
0.39
0.69
0.41
0.45
0.42
0.46
0.46
0.58
0.43
0.4
0.55
0.73
0.6
0.58
0.64
0.69
0.64
0.67
0.46
0.68
0.61
0.42
0.51
0.76
0.69
0.76
0.76
0.4
0.4
0.34
0.42
0.28
0.25
0.4
0.57
0.4
0.06
0.45
0.67
0.63
0.19
0.07
0.48
0.33
0.45
0.68
0.12
0.4
0.67
0.75
0.45
0.33
0.37
0.35
0.67
0.42
0.29
0.45
0.03
0.72
0.62
0.45
0.39
0.2
0.52
0.45
0.32
0.48
0.31
0.2
0.09
0.52
0.16
0.68
0.04
0.46
0.73
0.19
0.74
0.66
0.61
0.43
0.05
0.61
0.43
0.24
0.44
0.75
0.45
0.37
0.48
0.39
0.63
0.64
0.28
0.47
0.42
0.13
0.31
0.75
0.49
0.51
0.65
0.24
0.08
0.32
0.27
0.17
0.35
0.02
0.36
0.38
0.73
0.42
0.56
0.43
0.67
0.17
0.43
0.51
0.4
0.43
0.44
0.57
0.43
0.61
0.49
0.71
0.49
0.65
0.72
0.6
0.37
0.33
0.43
0.38
0.72
0.36
0.12
0.43
0.43
0.72
0.45
0.24
0.66
0.64
0.72
0.43
0.18
0.34
0.55
0.53
0.72
0.11
0.41
0.53
0.55
0.42
0.38
0.38
0.45
0.38
0.1
0.21
0.37
0.71
0.21
0.37
0.37
0.18
0.28
0.32
0.15
0.61
0.36
0.64
0.4
0.37
0.17
0.23
0.57
0.32
0.38
0.37
0.59
0.09
0.44
0.37
0.11
0.3
0.61
0.54
0.45
0.41
0.31
0.33
0.33
0.52
0.37
0.57
0.38
0.36
0.16
0.28
0.21
0.69
0.3
0.03
0.34
0.18
0.41
0.28
0.28
0.26
0.47
0.41
0.41
0.35
0.37
0.63
0.3
0.28
0.29
0.66
0.09
0.48
0.69
0.21
0.22
0.62
0.46
0.33
0.28
0.38
0.36
0.38
0.41
0.36
0.66
0.42
0.41
0.67
0.16
0.48
0.29
0.14
0.29
0.36
0.61
0.14
0.42
0.53
0.36
0.17
0.33
0.41
0.41
0.3
0.31
0.59
0.16
0.33
0.16
0.32
0.67
0.31
0.68
0.45
0.31
0.05
0.49
0.33
0.2
0.41
0.17
0.14
0.43
0.55
0.22
0.4
0.58
0.31
0.55
0.49
0.16
0.41
0.36
0.54
0.3
0.68
0.29
0.61
0.67
0.54
0.26
0.47
0.38
0.52
0.24
0.27
0.36
0.56
0.43
0.52
0.6
0.23
0.34
0.47
0.35
0.4
0.12
0.59
0.28
0.53
0.36
0.6
0.66
0.4
0.67
0.34
0.58
0.4
0.36
0.35
0.67
0.62
0.66
0.46
0.24
0.68
0.51
0.21
0.11
0.05
0.66
0.52
0.22
0.32
0.4
0.19
0.23
0.45
0.67
0.62
0.66
0.27
0.23
0.35
0.23
0.62
0.35
0.55
0.4
0.49
0.35
0.49
0.55
0.51
0.35
0.6
0.39
0.51
0.57
0.65
Nintendo
0.5
0.15
0.24
0.18
0.39
0.39
0.65
0.53
0.38
0.18
0.41
0.54
0.35
0.65
0.39
0.38
0.52
0.23
0.34
0.3
0.54
0.5
0.34
0.39
0.48
0.34
0.13
0.04
0.23
0.16
0.55
0.5
0.34
0.39
0.22
0.34
0.38
0.52
0.16
0.64
0.34
0.42
0.25
0.37
0.5
0.18
0.65
0.25
0.39
0.26
0.41
0.24
0.54
0.58
Shooter
0.27
0.18
0.28
0.38
0.64
0.5
0.53
0.38
0.3
0.39
0.46
0.31
0.53
0.19
0.42
0.53
0.28
0.39
0.17
0.54
0.34
0.49
0.34
0.3
0.38
0.42
0.62
0.28
0.55
0.25
0.63
0.38
0.52
0.53
0.24
0.57
0.21
0.54
0.25
0.15
0.32
0.29
0.51
0.28
0.23
0.34
0.63
0.14
0.33
0.33
0.49
0.44
0.26
0.37
0.37
0.46
0.14
0.37
0.35
0.22
0.48
0.06
0.24
0.35
0.19
0.35
0.54
0.2
0.33
0.16
0.33
0.63
0.31
0.38
Disney Interactive Studios
0.46
0.01
0.37
0.49
0.22
0.59
0.35
0.33
0.26
0.09
0.55
0.2
0.58
0.32
0.26
0.01
0.37
0.37
0.32
0.36
0.48
0.55
0.51
0.52
0.42
0.18
0.51
0.12
0.18
0.47
0.32
0.37
0.51
0.02
0.22
0.5
0.25
0.43
0.29
0.62
0.22
0.27
0.33
0.47
0.17
0.03
0.06
0.22
0.47
0.12
0.49
0.34
0.36
0.38
0.24
0.15
0.36
0.39
0.3
0.31
0.18
0.48
0.41
0.32
0.33
0.25
0.32
0.47
0.34
0.02
0.42
2007
0.35
0.47
0.28
0.36
0.3
0.19
0.6
0.32
0.54
0.27
0.36
0.35
0.37
0.39
0.29
0.29
0.03
0.39
0.24
0.32
0.13
0.46
0.22
0.27
0.32
0.32
0.33
0.47
0.22
0.44
0.54
0.38
0.59
0.2
0.43
0.31
0.57
0.48
0.44
0.4
0.46
0.23
0.28
0.29
0.15
0.17
0.25
0.56
0.22
0.3
0.46
0.46
0.25
0.49
0.31
0.6
0.59
0.33
0.23
0.37
0.31
0.31
0.53
0.35
0.2
0.08
0.55
0.48
0.53
0.23
0.41
0.56
0.35
0.2
0.37
0.15
0.53
0.45
0.49
0.32
0.46
0.23
0.22
0.25
0.46
0.4
0.12
0.35
0.58
0.07
0.22
0.31
0.38
0.38
0.11
0.18
0.25
0.35
0.17
0.35
0.36
0.48
Shooter
0.58
0.3
0.43
0.36
0.3
0.38
0.4
0.35
0.16
0.35
0.58
0.48
0.31
0.58
0.47
0.16
0.3
0.33
0.29
0.19
0.41
0.27
0.38
0.37
0.4
0.28
0.34
0.3
0.58
0.35
0.21
0.3
0.28
0.35
0.48
0.3
0.59
0.48
0.59
0.4
0.3
0.29
0.07
0.2
0.17
0.15
0.3
0.56
0.56
0.46
0.02
0.22
0.5
0.56
0.37
0.44
0.29
0.21
0.42
0.3
0.44
0.3
0.43
0.18
0.44
0.3
0.25
0.21
0.14
0.34
0.37
0.34
0.46
0.26
0.56
0.22
0.09
0.56
0.27
0.27
0.44
0.35
0.56
0.44
0.34
0.44
0.47
0.43
0.58
0.43
0.25
0.5
0.47
0.57
0.43
0.21
0.43
0.4
0.5
0.4
0.2
0.3
0.09
0.42
0.26
0.42
0.3
0.5
0.12
0.21
0.33
0.13
0.3
0.31
0.29
0.5
0.29
0.09
0.37
0.29
0.32
0.28
0.26
2007
0.32
0.37
0.27
0.33
0.31
0.43
0.11
0.13
0.17
0.31
0.23
0.56
0.22
0.31
0.19
0.29
0.49
0.27
0.33
0.33
0.29
0.34
0.08
0.34
0.38
0.33
0.33
0.46
0.33
0.29
0.4
0.55
0.21
0.44
0.46
0.55
0.15
0.25
0.32
0.47
0.47
0.15
0.54
0.36
0.13
0.38
0.25
0.33
0.17
0.54
0.31
0.29
0.14
0.34
0.29
0.35
0.24
0.17
0.3
0.29
0.22
0.25
0.29
0.39
0.21
0.39
0.29
0.55
0.06
0.18
0.15
0.36
0.49
0.5
0.31
0.54
0.2
0.54
0.55
Shooter
0.38
0.32
0.38
0.28
0.31
0.31
0.22
0.28
0.53
0.06
0.15
0.14
0.36
0.28
0.28
0.23
0.33
0.28
0.32
0.42
0.14
0.05
0.28
0.32
0.22
0.14
0.16
0.32
0.45
0.52
0.28
0.48
0.32
0.55
0.5
0.1
0.07
0.53
0.28
0.35
0.24
0.32
0.28
0.41
0.53
0.33
0.29
0.41
0.24
0.52
0.11
0.22
0.32
0.52
0.02
0.44
0.24
0.37
0.36
2007
0.27
0.47
0.48
0.38
0.28
0.43
0.43
0.11
0.52
0.35
0.29
0.28
0.47
0.42
0.38
0.27
0.52
0.45
0.26
0.49
0.1
0.28
0.2
0.27
0.37
0.39
0.19
0.08
0.31
0.28
0.21
0.29
0.32
0.36
0.22
0.11
0.05
0.44
0.23
0.52
0.4
0.4
0.27
0.22
0.28
0.4
0.28
0.34
0.31
0.4
0.28
Sony Computer Entertainment
THQ
0.28
0.09
0.4
0.28
0.4
0.28
0.31
0.28
0.39
0.21
0.27
0.4
0.3
0.51
0.43
0.31
0.19
0.43
0.39
0.09
0.27
0.15
0.41
0.27
0.5
0.49
0.27
0.4
0.28
0.4
0.39
0.27
0.52
0.33
0.21
0.3
0.17
0.48
0.2
0.27
0.15
0.13
0.34
0.27
0.42
0.27
0.25
0.29
0.31
0.39
0.49
0.27
0.34
0.42
0.24
0.4
0.3
0.52
0.31
0.31
0.49
0.21
0.27
0.51
0.15
0.34
0.22
0.31
0.13
0.31
0.17
0.5
0.21
0.2
0.18
0.37
0.4
0.18
0.01
0.33
0.39
0.39
0.31
0.15
0.29
0.13
0.39
0.26
0.45
0.25
0.27
0.3
0.5
0.4
0.5
0.26
0.47
0.4
0.35
0.36
0.19
0.4
0.28
0.01
0.16
0.3
0.5
0.49
0.42
0.27
0.14
0.39
0.12
0.18
0.3
0.26
0.26
0.24
0.11
0.43
0.5
0.11
0.43
0.07
0.39
0.23
0.46
0.22
0.09
0.29
0.26
0.16
0.39
0.42
0.46
0.26
0.39
0.29
0.4
0.45
0.3
0.31
0.5
0.24
0.4
0.5
0.5
0.26
0.26
0.22
0.41
0.26
0.18
0.48
Sega
0.26
0.07
0.45
0.3
0.12
0.26
0.42
0.3
0.35
0.26
0.38
0.44
0.3
0.15
0.26
0.25
0.4
0.26
0.3
0.26
0.4
0.25
0.35
0.3
0.35
0.25
0.48
0.34
0.32
0.32
0.26
0.31
0.26
0.39
0.21
0.43
0.04
0.42
0.41
0.05
0.26
0.19
0.21
0.11
0.26
0.35
0.48
0.26
0.35
0.49
0.13
0.31
0.41
0.16
0.26
0.44
0.38
0.36
0.49
0.49
0.23
0.26
0.24
0.29
0.21
0.25
0.17
0.49
0.32
0.17
0.46
0.28
0.13
0.29
0.08
0.29
0.18
0.21
0.47
0.47
0.26
0.39
0.39
0.47
0.47
0.29
0.27
0.28
0.46
0.12
0.29
0.18
0.09
0.12
0.18
0.17
0.25
0.25
0.22
0.38
0.37
0.46
0.25
0.22
0.1
0.25
0.21
0.33
0.37
0.18
0.46
0.32
0.37
0.17
0.38
0.22
0.47
0.26
0.29
0.25
0.11
0.13
0.13
0.19
0.21
0.09
0.32
0.48
0.25
0.36
0.08
0.25
0.36
0.4
0.25
0.15
0.28
0.35
0.47
0.23
0.35
0.28
0.47
0.25
0.09
Misc
0.41
0.01
0.44
0.35
0.22
0.12
0.37
0.44
0.15
0.18
0.42
0.12
0.26
0.36
0.29
0.47
0.37
0.25
0.22
0.36
0.37
0.25
0.47
0.22
0.46
0.25
0.29
0.28
0.26
0.36
0.42
0.25
0.33
0.47
0.45
0.17
0.44
0.42
0.31
0.43
0.39
0.28
0.25
0.45
0.46
0.25
0.25
0.47
0.19
0.25
0.25
0.17
0.1
0.36
0.08
0.18
0.25
0.18
0.22
0.17
0.25
0.4
0.12
0.24
0.13
Shooter
0.45
0.28
0.3
0.11
0.47
0.1
0.46
0.42
0.24
0.24
0.47
0.41
0.11
0.45
0.38
0.24
0.24
0.36
0.23
0.41
0.41
0.24
0.46
0.24
0.46
0.46
0.27
0.46
0.41
0.19
0.28
0.09
0.46
0.35
0.26
0.44
0.1
0.46
0.46
0.44
0.33
0.27
0.41
0.13
0.24
0.38
0.43
0.46
0.35
0.34
0.27
0.35
0.2
0.12
0.3
0.37
0.16
0.16
0.29
0.42
0.36
0.2
0.45
0.24
0.28
0.24
0.18
0.08
0.2
0.27
Shooter
0.36
0.24
0.24
0.36
0.27
0.07
0.12
0.31
0.17
0.14
0.06
0.4
0.35
0.35
0.01
0.36
0.45
0.28
0.24
0.45
0.24
0.4
0.25
0.27
0.27
0.28
0.43
0.21
0.22
0.27
0.44
0.29
0.15
0.24
0.25
0.44
0.4
0.24
0.42
0.16
0.44
0.31
Shooter
0.27
0.2
0.3
0.22
0.23
0.44
0.41
0.27
0.44
0.38
0.34
0.35
0.25
0.19
0.19
0.45
0.08
0.23
0.16
0.14
0.45
0.24
0.45
0.44
0.23
0.43
0.39
0.14
0.28
0.25
0.42
0.38
0.26
0.2
0.26
0.31
0.23
0.23
0.08
0.06
0.35
0.25
0.17
0.05
0.04
0.41
0.23
0.19
0.19
0.41
0.23
0.38
0.27
0.28
0.38
0.22
0.16
0.21
0.44
0.23
0.33
0.35
0.41
0.1
0.26
THQ
0.43
0.14
0.37
0.27
0.23
0.32
0.33
0.22
0.14
0.04
0.43
0.39
0.26
0.12
0.28
0.3
0.33
0.41
0.3
0.23
0.36
0.3
0.43
0.2
0.23
0.23
0.09
0.33
0.09
0.25
0.26
0.34
0.42
0.46
0.36
0.33
0.43
0.38
0.26
0.33
0.2
0.25
0.13
0.33
0.33
0.23
0.38
0.25
0.38
0.33
0.24
0.26
0.26
0.26
0.12
0.42
0.38
0.26
0.43
0.22
0.17
0.22
0.33
0.33
0.42
0.12
0.21
0.22
0.29
0.22
0.21
0.25
0.25
0.22
0.29
0.14
0.35
0.33
0.36
0.23
0.25
0.3
0.09
0.3
0.33
0.26
0.25
0.09
0.34
0.2
0.34
0.24
0.35
0.23
0.21
0.22
0.29
0.42
0.43
0.32
0.38
0.42
0.42
0.25
0.13
0.22
0.22
0.42
0.42
0.42
0.21
0.42
0.34
0.42
0.03
0.41
0.18
0.3
0.4
0.4
0.25
0.37
0.02
0.32
0.29
0.39
0.2
0.22
0.36
0.36
0.09
0.37
0.21
0.32
0.22
0.32
0.41
0.42
0.26
0.39
0.41
0.12
0.09
0.04
0.32
0.25
0.34
0.35
0.21
0.42
0.35
0.4
0.36
0.21
0.25
0.02
0.22
0.14
0.13
0.16
0.13
0.23
0.42
0.22
0.15
0.32
0.18
0.3
0.42
0.25
0.22
THQ
0.42
0.41
0.37
0.38
0.37
0.06
0.42
0.22
Misc
0.22
0.22
0.13
0.09
0.3
0.26
0.14
0.19
0.04
0.26
0.22
0.33
0.37
0.35
0.37
0.33
0.25
0.36
0.07
0.25
0.33
0.16
0.4
0.13
0.25
0.25
0.25
0.1
0.26
0.16
0.35
0.32
0.4
Misc
0.19
0.24
0.28
0.17
0.34
0.4
0.24
0.41
0.34
0.26
0.31
0.41
0.19
0.09
0.25
0.34
0.31
0.26
0.34
0.41
0.31
0.36
0.36
0.38
0.41
0.28
0.26
0.21
0.36
0.19
0.11
0.24
0.35
0.35
0.26
0.4
0.21
0.18
0.19
0.19
0.2
0.31
0.41
0.17
0.16
0.24
0.32
0.31
0.2
0.26
0.16
Disney Interactive Studios
0.19
0.4
0.21
0.17
0.15
0.18
0.24
0.26
0.23
0.35
0.28
0.22
0.21
0.4
0.21
0.31
0.18
0.4
0.22
0.27
0.19
0.31
0.37
0.15
0.21
0.25
0.28
0.36
0.39
0.21
0.21
0.1
0.23
0.26
0.09
0.21
0.29
0.07
0.34
0.16
0.25
0.17
0.39
0.19
0.1
0.4
0.39
0.19
0.33
0.31
0.33
0.39
0.4
0.02
0.21
0.24
0.21
0.35
0.39
0.33
0.16
0.15
0.21
0.12
0.14
0.11
0.35
0.21
0.33
0.31
0.21
0.24
0.24
THQ
0.33
0.35
0.19
0.11
0.22
0.24
0.21
0.23
0.25
0.13
0.23
0.16
0.21
0.23
0.32
0.3
0.21
0.21
0.21
0.13
0.35
0.39
0.3
0.23
0.3
0.23
0.04
0.4
0.42
0.35
0.39
0.21
0.15
0.34
0.34
0.35
0.34
0.32
0.39
0.35
0.38
0.32
0.32
0.38
0.3
0.23
0.21
0.32
0.2
0.14
0.39
0.14
0.2
0.32
0.18
0.36
0.02
0.24
0.3
0.31
0.31
0.21
0.39
0.2
0.22
0.19
0.39
0.27
0.31
0.2
0.17
0.16
0.36
0.18
0.2
0.25
0.2
0.3
0.19
0.2
0.15
0.19
0.2
0.3
0.2
0.36
0.3
0.39
0.41
0.04
0.23
0.34
0.24
0.2
0.23
0.26
0.36
0.23
0.23
0.05
0.22
0.21
0.13
0.2
0.2
0.07
0.22
0.27
0.36
0.36
0.31
0.22
0.03
0.34
0.38
0.19
0.23
0.08
0.29
0.07
0.23
0.37
0.2
0.1
0.33
0.01
0.2
0.2
0.13
0.23
0.33
0.15
0.15
0.15
0.11
0.2
0.31
0.34
0.23
0.32
0.15
0.21
0.34
0.24
0.23
0.38
0.15
0.08
Midway Games
0.2
0.16
0.24
0.19
0.18
0.35
0.29
0.23
0.34
0.3
0.21
0.18
0.2
0.26
0.23
0.23
0.38
0.36
0.21
0.38
0.31
0.27
0.29
0.36
0.36
0.26
0.04
0.21
0.17
0.31
0.33
0.2
0.2
0.22
0.37
0.2
0.31
0.37
0.34
0.2
0.29
0.15
0.25
0.22
0.31
0.28
0.19
0.35
0.27
0.22
0.18
0.12
0.37
0.32
0.32
0.32
0.2
Shooter
0.12
0.33
0.01
0.22
0.2
0.33
0.2
0.2
0.26
0.29
0.36
0.18
0.37
0.32
0.02
0.31
0.34
0.24
0.22
0.08
0.29
0.38
0.22
0.32
0.36
0.17
0.18
0.09
0.31
0.35
0.13
0.35
0.17
0.19
2007
0.03
0.24
0.22
0.19
0.31
0.37
0.35
0.31
0.33
0.19
0.21
0.12
0.06
0.19
0.26
0.33
0.19
0.22
0.38
0.2
0.2
0.22
0.22
0.22
0.37
0.2
0.14
0.28
0.09
0.32
0.13
0.01
0.13
0.29
0.18
0.22
0.12
0.26
0.27
0.36
0.23
0.36
0.37
0.36
0.22
0.36
0.3
0.39
0.19
0.23
0.12
0.08
0.29
0.25
0.28
0.36
0.31
0.31
0.21
0.38
0.18
0.23
0.23
0.15
0.2
0.14
0.19
0.18
0.36
0.16
0.19
0.16
0.19
0.17
0.25
0.19
0.24
0.19
0.28
0.29
0.3
0.19
0.36
0.31
0.29
0.19
0.03
0.19
0.18
0.12
0.19
0.36
0.36
0.24
0.05
0.18
0.07
0.18
0.28
0.17
0.19
0.18
0.21
0.09
0.07
0.21
0.22
0.29
0.19
0.33
0.27
0.33
0.28
0.19
0.34
0.3
0.35
0.38
0.27
0.1
0.19
0.34
0.14
0.26
0.26
0.3
0.11
0.35
0.21
0.18
0.19
0.19
0.11
0.29
0.15
0.11
0.19
0.27
0.14
0.19
0.11
0.07
0.07
0.06
0.19
0.19
0.32
0.21
0.16
0.17
0.21
0.28
0.32
0.21
0.16
0.11
0.15
0.2
0.24
0.12
0.35
0.18
0.21
0.09
0.34
0.21
0.12
0.35
0.21
0.13
0.14
0.35
0.35
0.35
0.35
0.35
0.18
0.28
0.22
0.24
0.11
0.17
0.17
0.29
0.35
0.35
0.22
0.07
0.35
0.1
0.09
0.25
0.35
0.11
0.11
0.34
0.28
0.16
0.29
0.28
0.34
0.33
0.14
0.3
0.08
0.18
0.21
THQ
0.18
0.18
0.34
0.12
0.18
0.18
0.12
0.18
0.31
0.35
0.16
0.13
0.32
0.16
0.29
0.33
0.3
0.3
0.14
0.35
0.29
0.09
0.1
0.13
0.1
0.28
0.27
0.03
0.34
0.26
0.17
0.16
0.33
0.23
0.06
0.21
0.34
0.04
0.34
0.17
0.12
0.11
0.37
0.32
0.1
0.17
0.09
0.26
0.16
0.16
0.19
0.25
0.15
0.33
0.3
0.34
0.16
0.31
0.16
0.28
0.09
0.08
0.3
0.18
0.11
0.21
0.27
0.33
0.25
0.22
Adventure
0.17
0.13
0.24
0.18
0.18
0.18
0.12
0.33
0.12
0.11
0.18
0.06
0.2
0.18
0.26
0.14
0.26
0.21
0.2
0.18
0.27
0.29
0.29
0.25
0.07
0.3
0.31
0.2
0.26
0.33
0.3
0.27
0.17
0.2
0.17
0.27
0.18
0.24
0.3
0.08
0.18
0.18
0.17
0.07
0.33
0.27
0.2
0.17
0.17
0.2
0.33
0.06
0.25
0.14
0.1
0.2
0.13
0.33
0.25
0.17
0.3
0.33
0.27
0.1
0.04
0.12
0.08
0.32
0.22
0.21
0.17
0.21
0.25
0.17
0.26
0.33
0.27
0.24
0.07
0.18
0.2
0.04
0.32
0.15
0.17
0.03
0.06
0.19
0.11
0.25
0.33
0.04
0.17
0.15
0.17
0.14
0.27
0.25
0.05
0.17
0.23
0.19
0.26
0.19
0.13
0.16
0.17
0.24
0.2
0.17
0.09
0.32
0.17
0.11
0.19
0.17
0.17
0.11
0.2
0.32
0.27
0.17
0.17
0.2
0.19
0.1
0.23
0.19
0.17
0.32
0.27
0.06
0.17
0.03
0.25
0.2
0.3
0.25
0.17
0.13
0.11
0.22
0.11
0.19
0.08
0.24
0.1
0.3
0.23
0.18
0.14
0.19
0.32
0.25
0.08
0.16
0.17
0.22
0.07
0.25
0.19
0.17
0.26
0.23
0.17
0.32
0.32
0.07
0.31
0.11
0.06
0.28
0.28
0.26
0.29
0.22
0.32
0.09
0.13
0.31
0.25
0.29
0.27
0.27
0.32
0.13
0.19
0.32
0.17
0.25
0.09
0.05
0.2
0.28
0.28
0.19
0.13
0.22
0.31
0.25
0.11
0.11
0.24
0.26
0.28
0.14
0.13
0.1
0.09
0.3
0.28
0.04
0.14
0.31
0.19
0.16
0.02
0.25
0.29
0.15
0.16
0.28
0.21
0.14
0.06
0.29
0.08
0.16
0.24
0.06
0.29
0.19
0.22
0.17
0.31
0.07
0.21
0.19
0.12
0.19
0.3
0.13
0.26
0.26
0.25
0.14
0.12
0.25
0.16
0.25
0.23
0.26
0.15
0.14
0.3
0.16
0.3
0.16
0.05
0.24
0.16
0.12
0.12
0.27
0.16
0.16
0.3
0.17
0.14
0.26
0.24
0.05
0.14
0.26
0.29
0.26
0.18
0.09
0.1
0.19
0.25
0.12
0.17
0.16
0.16
0.12
0.17
0.25
0.3
0.24
0.26
0.18
0.24
0.14
0.25
0.29
0.09
0.16
0.15
0.12
0.25
0.29
0.28
0.31
0.09
0.25
0.3
0.12
0.31
0.27
0.3
0.24
0.19
0.16
0.29
0.3
0.32
0.23
0.16
0.17
0.14
0.13
0.15
0.16
0.3
0.18
0.12
0.17
0.22
0.3
0.25
0.16
0.25
0.13
0.13
0.3
0.18
0.3
0.16
0.2
0.28
0.18
0.25
0.1
0.22
0.05
0.11
0.18
0.18
0.19
0.11
0.19
0.08
0.15
0.3
0.3
Action
THQ
0.16
0.28
0.14
0.22
0.21
0.27
0.25
0.14
0.16
0.15
0.18
0.23
0.13
0.08
0.21
0.08
0.23
0.17
0.18
0.06
0.27
0.3
0.09
0.18
0.16
0.15
0.18
0.24
0.16
0.12
0.12
0.09
Take-Two Interactive
0.23
0.16
0.3
0.23
0.16
0.16
0.27
BAM! Entertainment
0.3
0.3
0.26
0.18
0.2
0.09
0.14
0.24
0.23
0.16
0.24
0.23
0.3
0.14
0.28
0.03
0.23
0.29
0.18
0.26
0.24
0.16
0.28
0.18
0.18
0.08
0.29
0.1
0.29
Sony Computer Entertainment
0.1
0.07
0.15
0.15
0.29
0.22
0.27
0.18
0.22
0.18
0.06
0.11
0.18
0.08
0.23
0.29
0.24
0.12
0.13
0.17
0.17
0.29
0.22
0.12
0.17
0.29
0.23
0.15
0.27
0.18
0.1
0.2
0.05
0.15
0.17
0.23
0.11
0.23
0.27
0.08
0.23
0.19
0.16
0.1
0.17
0.19
0.15
0.13
0.16
0.29
0.07
0.29
0.09
0.06
0.17
0.23
0.18
0.22
0.17
0.13
0.27
0.19
0.06
0.25
0.25
0.25
0.27
0.04
0.27
0.28
0.23
0.09
0.22
0.28
0.11
0.29
0.15
0.28
0.15
0.14
0.28
0.2
0.09
0.17
0.24
0.28
0.24
0.13
0.17
0.17
0.08
0.15
0.18
0.15
0.17
0.28
0.15
0.29
0.28
0.29
0.17
0.15
0.28
0.29
0.24
0.17
0.28
0.23
0.17
0.17
0.1
0.12
0.15
0.15
0.28
0.25
0.22
0.23
0.22
0.28
0.17
0.22
0.21
Action
0.29
0.14
0.3
0.14
0.05
0.08
0.15
0.23
0.22
0.15
0.22
0.15
0.21
0.17
0.18
0.25
0.12
0.15
0.17
0.25
0.17
0.16
0.05
0.14
0.13
0.28
0.13
0.05
0.15
0.01
0.28
0.24
0.24
0.21
0.26
0.18
0.27
0.15
0.21
0.28
0.17
0.23
0.24
0.15
0.1
0.09
0.16
0.15
0.09
0.07
0.28
0.15
0.27
0.15
0.02
0.27
0.21
0.21
0.17
0.16
0.15
0.23
0.14
0.26
0.22
0.22
0.27
0.14
0.14
0.01
0.22
0.2
0.23
0.26
0.19
0.14
0.28
0.27
0.24
0.14
0.24
0.26
0.16
0.19
0.23
0.02
0.24
0.21
0.25
0.22
0.16
0.16
0.12
0.02
0.17
0.04
0.11
0.23
0.27
0.14
0.03
0.26
0.05
0.19
0.15
0.2
0.15
0.27
0.1
0.02
0.16
0.13
0.09
0.17
0.14
0.14
0.11
0.27
0.27
0.13
0.24
0.22
0.14
0.27
0.14
0.14
0.16
0.14
0.27
0.1
0.13
0.23
0.23
0.23
0.23
0.23
0.23
0.22
0.23
0.25
0.21
0.14
0.23
0.23
0.06
0.14
0.24
0.22
0.15
0.25
0.22
0.08
0.11
0.22
0.22
0.18
0.22
0.06
0.06
0.22
0.16
0.26
0.18
0.23
0.23
0.17
0.14
0.23
0.02
Sega
Sega
0.06
0.12
0.16
0.27
0.1
0.15
0.01
0.13
0.26
0.14
0.16
0.11
0.03
0.06
0.14
0.06
0.17
0.14
0.16
0.26
0.12
0.15
0.26
0.22
0.26
0.21
0.16
0.09
0.17
0.2
0.08
0.26
0.14
0.14
0.16
0.28
0.2
0.2
0.17
0.16
0.21
0.09
0.24
0.14
0.21
0.2
0.2
0.14
0.14
0.22
0.08
0.2
0.1
0.21
0.2
0.09
0.26
0.26
0.14
0.27
0.15
0.26
0.18
0.26
0.16
0.04
0.1
0.13
0.24
0.14
0.22
0.21
0.25
0.25
0.2
0.14
0.25
0.12
0.2
0.1
0.13
0.14
0.26
0.15
0.14
0.21
0.14
0.26
0.26
0.26
0.2
0.12
0.17
0.26
0.16
0.14
0.2
0.13
0.09
0.1
0.14
0.1
0.14
0.03
0.11
0.18
0.18
0.26
0.21
Disney Interactive Studios
0.16
0.15
0.2
0.2
0.06
0.13
0.24
0.22
0.21
0.1
0.17
0.16
0.14
0.14
0.14
0.12
0.16
0.21
0.12
0.13
0.13
0.14
0.14
0.05
0.2
0.04
0.03
0.12
0.15
0.21
0.21
0.2
0.11
0.16
0.14
0.21
0.09
0.26
0.15
0.14
0.21
0.14
0.14
0.23
0.2
0.14
0.13
0.06
0.11
0.24
0.05
0.11
0.13
0.13
0.26
0.21
0.14
0.21
0.24
0.2
0.09
0.2
0.22
0.15
0.2
0.26
0.08
0.09
0.15
0.11
0.02
0.15
0.13
0.15
0.1
0.09
0.25
0.17
0.25
0.11
0.26
0.13
0.15
0.13
0.15
0.17
0.21
0.15
0.11
0.13
0.19
0.25
0.23
0.02
0.25
0.25
0.12
0.25
0.18
0.16
0.07
0.13
0.19
0.13
0.09
0.21
0.25
0.01
0.21
0.19
0.13
0.2
0.13
0.16
0.15
0.2
0.13
0.15
0.2
0.25
0.18
0.22
0.25
0.13
0.07
0.25
0.13
0.14
0.13
0.15
0.24
0.23
0.2
0.19
0.18
0.25
0.06
0.14
0.16
0.11
0.04
0.25
0.1
0.25
0.21
0.13
0.2
0.15
0.16
0.25
0.19
0.24
0.15
0.13
0.08
0.14
0.21
0.25
0.15
0.25
0.1
0.18
0.13
0.15
0.15
0.25
0.2
0.25
0.25
0.06
0.15
0.13
0.25
0.12
0.13
0.24
0.25
0.23
0.14
0.13
0.24
0.24
0.24
0.19
0.24
0.14
0.24
0.25
0.24
0.13
0.15
0.23
0.19
0.2
0.25
0.11
0.12
0.24
0.19
0.24
0.24
0.19
0.07
0.13
0.22
0.16
0.08
0.25
0.15
0.09
0.13
0.13
0.09
0.23
0.13
0.15
0.15
0.09
0.13
0.09
0.19
0.22
0.18
0.24
0.09
0.21
0.13
0.08
0.06
0.1
0.24
0.19
0.11
0.1
0.19
0.19
0.15
0.2
0.1
0.13
0.04
0.23
0.26
0.18
0.24
0.14
0.12
0.21
0.13
0.11
0.24
0.04
0.06
0.21
0.21
0.21
0.21
0.13
0.06
0.24
0.13
0.19
0.24
0.16
0.19
0.2
0.24
0.12
0.24
0.19
0.24
0.14
0.2
0.13
0.2
0.1
0.14
0.24
0.18
0.18
0.19
0.13
0.14
0.06
0.24
0.12
0.21
0.24
0.13
0.19
Misc
0.12
0.17
0.2
0.16
0.11
0.18
0.2
0.07
0.11
0.24
0.08
0.2
0.21
0.18
0.04
0.2
0.19
0.13
0.14
0.13
0.24
0.16
0.13
0.12
0.23
0.19
0.24
0.2
0.13
0.18
0.19
0.01
0.21
0.12
0.24
0.23
0.24
0.14
0.17
0.15
0.03
0.12
0.18
0.23
0.16
0.23
0.19
0.22
0.15
0.2
0.11
0.24
0.12
0.19
0.14
0.18
0.14
0.19
0.14
0.2
0.14
0.13
0.12
0.18
0.16
0.04
0.13
0.12
0.18
0.14
0.1
0.14
0.15
0.12
0.06
0.12
0.19
0.1
0.23
0.2
0.19
0.19
0.22
0.18
0.17
0.12
0.05
0.19
0.18
0.23
0.02
0.23
0.19
0.14
0.09
0.16
0.15
0.23
0.25
0.21
0.23
0.22
0.2
0.2
0.2
0.11
0.2
0.23
0.2
0.16
0.23
0.09
0.07
0.12
0.04
0.12
0.19
0.12
0.19
0.22
0.14
0.08
0.12
0.22
0.11
0.21
0.23
0.14
0.12
0.23
0.03
0.14
0.18
0.16
0.18
0.14
0.18
THQ
0.08
0.12
0.23
0.19
0.14
0.17
0.14
0.12
0.22
0.12
0.23
Midway Games
0.12
0.19
0.14
0.14
0.06
0.12
0.16
0.19
0.1
0.14
0.05
0.19
0.23
0.12
0.12
0.17
0.11
Nippon Ichi Software
0.19
0.18
0.21
0.07
0.14
0.16
0.18
0.09
0.1
0.2
0.1
0.19
0.08
0.23
0.11
0.08
0.12
0.13
0.12
0.12
0.18
0.03
0.16
0.13
0.12
0.12
0.23
0.2
0.14
0.12
0.1
0.18
0.14
0.04
0.23
0.14
0.14
0.23
0.17
0.1
0.12
0.12
0.18
0.12
0.08
0.1
0.11
0.12
0.05
0.05
0.19
0.07
0.14
0.17
0.04
0.21
0.13
0.16
0.11
0.18
0.22
0.08
0.21
0.18
0.12
0.18
0.02
0.19
0.19
0.22
0.19
0.09
0.16
0.09
0.18
0.17
0.22
0.18
0.1
0.21
0.16
0.22
0.17
0.12
0.12
0.15
0.19
0.22
0.19
0.19
0.19
0.19
0.19
0.19
0.1
0.12
0.2
0.18
0.13
0.2
0.19
0.1
0.17
0.17
0.13
0.1
0.17
0.15
0.18
0.05
0.12
0.22
0.07
0.22
0.09
0.17
0.16
0.2
0.18
0.22
0.13
0.05
0.17
0.11
0.17
0.1
0.16
0.13
0.05
0.12
0.12
0.13
0.22
0.12
0.14
0.03
0.18
0.21
0.21
0.13
0.13
0.1
0.13
0.13
0.16
0.05
0.18
0.15
0.17
0.17
0.1
0.12
0.02
0.18
0.13
0.16
0.22
0.22
0.16
0.07
0.2
0.19
0.15
0.06
0.12
0.15
0.21
0.16
0.08
0.12
0.11
0.18
0.1
0.16
0.19
0.22
0.11
0.11
0.22
0.1
0.21
0.13
0.11
0.16
0.18
0.18
0.18
0.18
0.21
0.09
0.2
0.19
0.22
0.17
0.22
0.17
0.11
0.17
0.05
0.11
0.11
0.22
0.13
0.14
0.15
0.22
0.18
0.18
0.11
0.11
0.08
0.17
0.11
0.1
0.13
0.09
0.18
0.21
0.21
0.21
0.14
0.13
0.17
0.13
0.21
0.2
0.17
0.11
0.05
0.13
0.21
0.11
0.07
0.17
0.12
0.15
0.13
0.21
0.15
0.11
0.2
0.22
0.17
0.09
0.13
0.11
0.16
0.19
0.13
0.11
0.13
0.13
0.13
0.2
0.11
0.13
0.16
0.11
0.16
0.09
0.18
0.17
0.21
0.21
0.17
0.11
0.17
0.17
0.21
0.06
0.15
0.13
0.19
0.21
0.11
0.13
0.1
0.21
0.14
0.11
0.11
0.18
0.06
0.21
0.2
0.06
0.15
0.17
0.02
0.14
0.15
0.11
0.19
0.21
0.21
0.14
0.14
0.11
0.1
0.09
0.2
0.11
0.21
0.21
0.11
0.09
0.14
0.11
0.11
0.09
0.11
0.13
0.18
0.13
0.11
0.08
0.12
0.08
0.16
0.11
0.1
0.05
0.17
0.11
0.16
0.21
0.21
0.17
0.21
0.21
0.21
0.11
0.2
0.19
0.17
0.11
0.11
0.13
0.2
0.05
0.07
0.17
0.01
0.11
0.2
0.11
0.09
0.09
0.17
0.16
0.16
0.2
0.21
0.21
0.2
0.13
0.12
0.04
0.12
0.13
0.03
0.19
0.07
0.21
0.21
0.2
0.16
0.14
0.13
0.2
0.12
0.14
0.16
0.2
0.04
0.18
0.16
0.1
0.05
0.16
0.2
0.16
0.19
0.17
0.14
0.18
0.18
0.18
0.05
0.17
0.18
0.11
0.05
0.09
0.13
0.04
0.12
0.08
0.2
0.1
0.16
0.09
0.1
0.12
0.2
0.16
0.19
0.05
0.14
0.11
0.17
0.11
0.2
0.03
0.12
0.13
0.17
0.2
0.11
0.19
0.11
0.2
0.08
0.15
0.1
0.07
0.2
0.11
0.11
0.14
0.11
0.16
0.12
0.1
0.2
0.19
0.16
0.15
0.11
0.08
0.14
0.12
0.12
0.17
0.12
0.01
0.16
0.12
0.12
0.13
0.17
0.18
0.15
0.15
0.17
0.19
0.11
0.2
0.12
0.06
0.17
0.03
0.1
0.17
0.19
0.12
0.11
0.1
0.07
0.12
0.17
0.17
0.11
0.12
0.16
0.17
0.11
0.2
0.11
0.18
0.2
0.03
0.13
0.2
0.2
0.1
0.17
0.2
0.12
0.19
0.1
0.1
0.11
0.07
0.15
0.07
0.1
0.16
0.1
0.2
0.14
0.1
0.07
0.16
0.1
0.19
0.17
0.16
0.14
0.16
0.1
0.1
0.2
0.2
0.2
0.19
0.2
0.2
0.2
0.06
0.05
0.1
0.19
0.1
0.1
0.12
0.04
0.05
0.16
0.2
0.02
0.2
0.12
0.17
0.12
0.2
0.16
0.09
0.1
0.19
0.16
0.11
0.19
0.1
0.12
0.19
0.09
0.2
0.16
0.16
0.19
0.17
0.17
0.17
0.17
0.17
0.17
0.04
0.06
0.08
0.18
0.2
0.1
0.09
0.16
0.06
0.16
0.13
0.13
0.14
0.18
0.18
0.12
0.12
0.1
0.11
0.11
0.19
0.18
0.1
0.17
0.1
0.1
0.18
0.16
0.17
0.1
0.15
0.13
0.16
0.12
0.16
0.12
0.07
0.17
0.11
0.06
0.19
0.1
0.09
0.1
0.07
0.19
0.12
0.14
0.12
0.19
0.11
0.19
0.18
0.1
0.19
0.14
0.15
0.19
0.1
0.19
0.19
0.19
0.15
0.09
0.09
0.19
0.04
0.16
0.12
0.15
0.16
0.11
0.11
0.19
0.16
0.15
0.15
0.15
0.18
0.07
0.15
0.19
0.15
0.19
0.1
0.04
0.08
0.1
0.15
0.1
0.06
0.1
0.06
0.15
0.06
0.14
0.15
0.15
0.1
0.18
THQ
0.1
0.1
0.07
0.14
0.1
0.16
0.05
0.1
0.15
0.18
0.1
0.17
0.14
0.17
0.09
0.18
0.07
0.1
0.19
0.14
0.16
0.17
0.14
0.15
0.16
0.15
0.15
0.16
0.16
0.17
0.1
0.14
0.06
0.11
0.06
0.16
0.06
0.11
0.11
0.11
0.07
Take-Two Interactive
0.1
0.15
0.1
0.11
0.12
0.18
0.02
0.15
0.18
0.06
0.1
Disney Interactive Studios
0.16
0.16
0.16
0.16
0.06
0.13
0.16
0.16
0.16
0.18
0.09
0.15
0.05
0.17
0.06
0.16
0.18
0.1
0.14
0.1
0.1
0.11
0.15
0.15
0.1
0.18
0.11
0.19
0.16
0.12
0.1
0.18
0.02
0.1
0.15
0.15
0.1
0.14
0.18
0.1
0.06
0.15
0.15
0.1
0.11
0.15
0.07
0.07
0.1
0.18
0.12
0.1
0.18
0.17
0.14
0.15
0.1
0.1
0.1
0.16
0.12
0.18
0.14
0.1
0.14
0.15
0.15
0.11
0.14
0.14
0.18
0.15
0.15
0.07
0.14
0.17
0.1
0.14
0.04
0.15
0.1
0.09
0.08
0.1
0.07
0.1
0.03
0.14
0.13
0.15
0.1
0.14
0.07
0.17
0.18
0.07
0.18
0.18
0.02
0.1
0.14
0.16
0.17
0.14
0.15
0.18
0.05
0.08
0.15
0.16
0.14
0.18
0.13
0.1
0.05
0.1
0.1
0.14
0.09
0.07
0.18
0.08
0.13
0.16
0.18
0.14
0.15
0.09
0.08
0.11
0.11
0.07
0.1
0.18
0.15
0.16
0.18
0.08
0.08
0.05
0.18
0.09
0.09
0.05
0.14
0.17
0.11
0.09
0.16
0.11
0.09
0.16
0.09
0.17
0.14
0.13
0.09
0.11
0.11
0.17
0.09
0.17
0.05
0.12
0.12
0.09
0.09
0.11
0.09
0.14
0.06
0.14
0.13
0.09
0.14
0.14
0.14
0.11
0.12
Sony Computer Entertainment
0.14
0.15
0.15
0.15
0.15
0.15
0.15
0.07
0.15
0.09
0.17
0.14
0.11
0.18
0.18
0.1
0.02
0.15
0.09
0.17
0.14
0.09
0.12
0.01
0.09
0.18
0.15
0.17
0.15
0.09
0.18
0.09
0.09
0.09
0.1
0.06
0.08
0.07
0.17
0.18
0.15
0.18
0.06
0.1
0.09
0.14
0.17
0.11
0.1
0.1
0.02
0.17
0.05
0.12
0.09
0.15
0.07
0.16
0.15
0.17
0.18
0.12
0.04
Take-Two Interactive
0.07
0.11
0.13
0.12
0.05
0.09
0.08
0.1
0.13
0.13
0.13
0.17
0.13
0.1
0.09
0.09
0.17
0.09
0.13
0.12
0.18
0.12
0.1
0.09
0.17
0.14
0.1
0.17
0.11
0.14
0.15
0.06
0.09
0.09
0.17
0.13
0.17
0.06
0.14
0.05
0.17
0.1
0.07
0.09
0.11
0.05
0.1
0.1
0.11
0.17
0.17
0.09
0.07
0.14
0.17
0.1
0.17
0.12
0.09
0.13
0.17
0.04
0.09
0.14
0.14
0.09
0.17
0.1
0.14
0.14
0.17
0.04
0.17
0.09
0.14
0.05
0.06
0.17
0.08
0.17
0.04
0.14
0.17
0.1
0.06
0.1
0.13
0.14
0.09
0.09
0.11
0.14
0.14
0.12
0.14
0.1
0.17
0.14
0.06
0.15
0.02
0.11
0.17
0.09
0.13
0.13
0.1
0.14
0.16
0.14
0.04
0.05
0.16
0.1
0.07
0.14
0.08
0.13
0.13
0.13
0.17
0.11
0.04
0.17
0.09
0.09
0.17
0.15
0.17
0.12
0.1
0.14
0.04
0.09
0.09
Disney Interactive Studios
0.13
0.14
0.14
0.04
0.15
0.05
0.08
0.14
0.16
0.13
0.13
0.09
0.17
0.13
0.1
0.1
0.08
0.16
0.17
0.14
0.16
0.13
0.17
0.11
0.1
0.1
0.13
0.13
0.09
0.01
0.11
0.14
0.09
0.1
0.06
0.14
0.05
0.1
0.05
0.09
0.14
0.1
0.14
0.07
0.09
0.08
0.09
0.08
0.1
0.14
0.09
0.16
0.17
0.1
0.13
0.14
0.05
0.15
0.09
0.16
0.06
0.13
0.04
0.04
0.13
0.11
0.13
0.13
0.02
0.13
0.16
0.09
0.09
0.09
0.13
0.16
0.1
0.14
0.16
0.1
0.12
0.13
0.13
0.11
0.13
0.13
0.1
0.13
0.16
0.14
0.13
0.07
0.13
0.09
0.1
0.14
0.07
0.08
0.09
0.09
0.13
0.16
0.11
0.09
0.1
0.14
0.09
0.13
0.12
0.09
0.13
0.09
0.16
0.16
0.13
0.03
0.06
0.1
0.16
0.12
0.13
0.16
0.08
0.06
0.13
0.13
0.1
0.16
0.08
0.08
0.13
0.16
0.14
0.16
0.13
0.13
0.05
0.14
0.07
0.08
0.12
0.16
0.08
0.13
0.15
0.16
0.13
0.16
0.1
0.14
0.05
0.09
0.13
0.13
0.16
0.13
0.01
0.16
0.09
0.07
0.08
0.08
0.06
0.12
0.08
0.08
0.05
0.08
0.07
0.08
0.08
0.13
0.12
0.14
0.12
0.15
0.13
0.01
0.11
0.05
0.08
0.13
0.04
0.16
0.12
0.16
0.09
0.12
0.16
0.08
0.08
0.12
0.05
0.14
0.1
0.13
0.05
0.12
0.12
0.08
0.16
0.16
0.08
0.12
0.03
0.1
0.09
0.02
0.04
0.09
0.13
0.02
0.13
0.05
0.13
0.09
0.07
0.16
0.06
0.08
0.08
0.12
0.12
0.04
0.09
0.08
0.09
0.12
0.13
0.08
0.14
0.04
0.15
0.12
0.13
0.08
0.13
0.14
0.09
0.16
0.09
0.13
0.09
0.07
0.08
0.14
0.04
0.02
0.09
0.14
0.16
0.11
0.13
0.11
0.05
0.14
0.08
0.11
0.15
0.13
0.13
0.06
0.1
0.16
0.07
0.11
0.12
0.07
0.05
0.12
0.13
0.15
0.16
0.11
0.13
0.15
0.14
0.09
0.12
0.15
0.08
0.15
0.15
0.08
0.15
0.11
0.15
0.13
0.12
0.12
0.15
0.16
0.08
0.12
0.01
0.04
0.12
0.15
0.15
0.15
0.15
0.04
0.13
0.08
0.04
0.02
0.1
0.08
0.15
0.14
0.08
0.15
0.16
0.12
0.06
0.09
0.08
0.12
0.08
0.05
0.06
0.14
0.13
0.08
0.08
0.12
0.08
0.09
0.12
0.06
0.08
0.07
0.13
0.12
0.15
0.13
0.07
0.09
0.12
0.15
0.13
0.13
0.15
0.12
0.12
0.09
0.08
0.12
0.09
0.05
0.12
0.12
0.07
0.15
0.11
0.12
0.13
0.14
0.15
0.08
0.15
0.08
0.13
0.08
0.08
0.08
0.08
0.12
0.09
0.08
0.12
0.14
0.14
0.09
0.15
0.11
0.12
0.14
0.05
0.08
0.12
0.09
0.08
0.12
0.08
0.12
0.11
0.15
0.04
0.13
0.12
0.12
0.11
0.12
0.11
0.15
0.13
0.13
0.13
0.13
0.13
0.13
0.13
0.13
0.13
0.13
0.15
0.11
0.08
0.13
0.14
0.12
0.14
0.13
0.15
0.14
0.1
0.13
0.15
0.11
0.08
0.15
0.09
0.15
0.15
0.08
0.14
0.05
0.09
0.09
0.12
0.14
0.09
0.08
0.08
0.15
0.11
0.15
0.1
0.07
0.06
0.15
0.08
0.14
0.15
Aspyr
0.01
0.05
0.11
0.15
0.09
0.09
0.1
0.05
0.01
0.08
0.08
0.14
0.12
0.15
0.12
0.13
0.11
0.08
0.12
0.09
0.13
0.12
0.13
0.12
0.06
0.08
0.03
0.14
0.14
0.11
0.15
0.04
0.09
0.14
0.02
0.14
0.08
0.14
0.11
0.11
0.16
0.09
0.09
0.14
0.11
0.07
0.14
0.09
0.02
0.09
0.11
0.14
0.08
0.07
THQ
0.14
0.11
0.08
0.04
0.14
0.14
0.1
0.12
0.08
0.09
0.08
0.08
0.12
0.04
0.12
0.12
0.12
0.11
0.12
0.14
0.12
0.12
0.08
0.11
0.14
0.14
Adventure
0.09
0.14
0.14
0.14
0.14
0.07
0.14
0.08
0.11
0.05
0.09
0.13
0.11
0.11
0.11
0.14
0.11
0.14
0.12
0.09
0.12
0.03
0.07
0.07
0.03
0.07
0.07
0.07
0.12
0.14
0.14
0.11
0.14
0.12
0.14
0.12
0.13
0.14
0.05
0.11
0.05
0.12
0.11
0.13
0.07
0.14
0.1
0.1
0.08
0.14
0.11
0.14
0.14
0.14
0.12
0.12
0.12
0.11
0.12
0.13
0.14
0.11
0.11
0.1
0.12
0.12
0.08
0.11
0.11
0.07
0.11
0.07
0.13
0.13
0.07
0.07
0.14
0.02
0.14
0.11
0.1
0.07
0.07
0.12
0.11
0.07
0.07
0.12
0.12
0.12
0.12
0.14
0.14
0.08
0.11
0.11
0.14
0.14
0.07
0.12
0.1
0.14
0.11
0.11
0.07
0.12
0.05
0.04
0.14
0.08
0.11
0.14
0.11
0.04
0.07
0.09
0.11
0.11
0.1
0.07
0.11
0.07
0.08
0.13
0.08
0.11
0.14
0.13
0.01
0.13
0.14
0.06
0.07
0.11
0.07
0.11
0.14
0.11
0.1
0.11
0.13
0.11
0.11
0.02
0.13
0.14
0.11
0.14
0.08
0.08
0.08
0.09
0.11
0.14
0.15
0.07
0.11
0.11
0.02
0.08
0.06
0.13
0.13
0.14
0.11
0.14
0.08
0.14
0.13
0.06
0.11
0.09
0.08
0.1
0.11
0.09
0.08
0.13
0.11
0.11
0.11
0.06
0.07
0.07
0.1
0.1
0.11
0.08
0.12
0.01
0.1
0.11
0.13
0.13
0.11
0.13
0.07
0.13
0.07
0.07
0.11
0.12
0.09
0.01
Game Arts
0.08
0.12
0.13
0.08
0.07
0.07
0.07
0.1
0.08
0.07
0.07
0.11
0.11
0.07
0.08
0.1
0.07
0.13
0.07
0.12
0.13
0.09
0.08
0.12
0.13
0.06
0.07
0.07
0.11
0.03
0.07
0.07
0.09
0.08
0.13
0.1
0.07
0.13
0.11
0.07
0.13
0.07
0.07
0.07
0.13
0.07
0.11
0.11
0.11
0.07
0.03
0.1
0.09
0.08
0.07
0.11
0.13
0.13
0.11
0.09
0.13
0.07
0.01
0.07
0.13
0.1
0.09
0.11
0.11
0.07
0.07
0.07
0.13
0.1
0.1
0.04
Black Bean Games
0.07
0.11
0.05
0.13
0.11
0.12
0.04
0.11
0.07
0.13
0.13
0.07
0.13
0.08
0.13
0.04
0.13
0.03
0.08
0.05
0.07
0.13
0.08
0.07
0.07
0.05
0.11
0.13
0.07
0.07
0.07
0.12
0.08
0.05
0.08
0.08
0.13
0.08
0.11
0.11
0.11
0.11
0.11
Nippon Ichi Software
0.08
0.08
0.1
0.01
0.07
0.13
0.02
0.11
0.13
0.13
0.13
0.08
0.07
0.13
0.08
0.1
0.1
0.13
0.1
0.02
0.06
0.1
0.07
0.06
0.08
0.1
0.09
0.05
0.1
0.08
0.11
0.11
0.07
0.08
0.04
0.01
0.08
0.11
0.12
0.13
0.08
0.1
0.09
0.1
0.02
0.08
0.12
0.08
0.1
0.13
0.04
0.13
0.12
0.03
0.13
0.13
0.11
0.13
0.11
0.11
0.08
0.11
0.11
0.03
0.03
0.12
0.03
0.09
0.1
0.13
0.1
0.12
0.12
0.13
0.05
0.13
0.1
0.1
0.12
0.1
0.07
0.12
0.1
0.13
0.1
0.07
0.12
0.13
0.1
0.12
0.08
0.04
0.1
0.1
0.07
0.1
0.03
0.04
0.12
0.12
0.09
0.08
0.08
0.12
0.12
0.04
0.1
0.11
0.1
0.11
0.12
0.13
0.13
0.07
0.1
0.1
0.1
0.08
0.04
0.1
0.12
0.11
0.07
0.13
0.06
0.12
0.1
0.13
0.12
0.07
0.12
0.07
0.1
0.1
0.12
0.07
0.07
0.07
0.1
0.11
0.1
0.12
0.07
0.12
0.11
0.12
0.1
0.12
0.12
0.07
0.1
0.1
0.12
0.12
0.1
0.11
0.12
0.07
0.01
0.07
0.11
0.07
0.07
0.11
0.12
0.11
0.1
0.07
0.12
0.05
0.09
0.07
0.07
0.1
0.07
0.1
0.12
0.06
0.07
0.07
0.08
0.06
0.1
0.12
0.12
0.11
0.08
0.12
0.1
0.08
0.07
0.1
0.07
0.09
0.12
0.12
0.12
0.11
0.09
0.08
0.12
0.1
0.07
0.12
0.12
0.03
0.1
0.11
0.06
0.12
0.09
0.1
0.02
0.06
0.04
0.11
0.12
0.07
0.12
0.07
0.09
0.06
0.07
0.12
0.01
0.08
0.12
0.12
0.12
0.1
0.07
0.08
0.09
0.1
0.08
0.12
0.1
0.05
0.09
0.11
0.1
0.12
0.07
0.01
0.1
0.01
0.1
0.03
0.06
0.09
0.1
0.06
0.12
0.1
0.1
0.09
0.06
0.09
0.08
0.07
0.12
0.12
0.1
0.1
0.1
0.1
0.12
0.1
0.12
0.09
0.12
0.06
Ubisoft
0.04
0.12
0.11
0.09
0.06
0.11
0.1
0.07
0.03
0.07
0.12
0.08
0.12
0.09
0.08
0.12
0.12
0.06
0.09
0.09
0.12
0.06
0.12
0.06
0.06
0.02
0.06
0.08
0.08
0.1
0.03
0.03
0.12
0.12
0.09
0.1
0.1
0.06
0.09
0.1
0.11
0.04
0.06
0.08
0.07
0.1
0.12
0.1
0.11
0.12
0.11
0.06
0.09
0.06
0.04
0.06
0.07
0.1
0.06
0.1
0.12
0.12
0.1
0.1
0.1
0.07
0.06
0.1
0.09
0.06
0.06
0.07
0.07
0.07
0.1
0.09
0.12
0.07
0.1
0.06
0.07
0.1
0.11
0.09
0.11
0.07
0.09
0.05
0.01
0.12
0.08
0.1
0.12
0.09
0.12
0.09
0.1
0.09
0.06
0.1
0.12
0.09
0.08
0.06
0.11
0.09
0.09
0.12
0.07
0.09
0.07
0.1
0.11
0.09
0.09
0.07
0.02
0.06
0.07
0.1
0.12
0.11
0.1
0.11
0.04
0.11
0.12
0.06
0.05
0.06
0.11
0.11
Konami Digital Entertainment
0.07
0.09
0.06
0.03
0.1
0.12
0.1
0.12
D3Publisher
0.06
0.11
0.09
0.06
0.1
0.03
0.09
0.07
0.07
0.06
0.11
0.06
0.09
0.04
0.12
0.06
0.11
0.07
0.06
0.04
0.06
0.09
0.11
0.09
0.11
0.07
0.09
0.11
0.11
0.07
0.11
0.07
0.11
0.09
0.11
0.06
0.09
0.1
0.11
0.09
0.1
0.06
0.09
0.08
0.06
0.07
0.11
0.11
0.08
0.06
0.08
0.01
0.07
0.06
0.03
0.08
0.07
0.05
0.11
0.09
0.11
0.1
0.09
0.07
0.11
0.09
0.11
0.11
0.07
0.07
0.09
0.11
0.06
0.07
0.1
0.11
0.07
0.09
0.11
0.01
0.11
0.05
0.05
0.09
0.11
0.11
0.1
0.04
0.04
0.11
0.03
0.09
0.11
0.11
0.1
0.11
0.1
0.1
0.08
0.11
0.11
0.09
0.11
0.06
0.06
0.09
0.06
0.11
0.11
0.08
0.07
0.07
0.06
0.06
0.11
0.09
0.09
0.06
0.08
0.11
0.08
0.11
0.09
0.09
0.09
0.07
0.06
0.11
0.11
0.11
0.05
0.11
0.09
0.09
0.01
0.08
0.11
0.11
0.07
Midway Games
0.06
0.09
0.07
0.09
0.08
0.09
0.09
0.07
0.06
0.09
0.11
0.08
0.08
0.09
0.09
0.11
0.06
0.11
0.06
0.07
0.11
0.09
0.1
0.11
0.04
0.1
0.1
0.09
0.11
0.11
0.08
0.1
0.03
0.09
0.1
0.07
0.1
0.11
0.07
0.11
0.08
0.11
0.11
0.06
0.06
0.11
0.09
0.11
0.04
0.11
0.09
0.11
0.02
0.09
0.05
0.11
0.11
0.08
0.06
0.07
0.09
0.06
0.06
0.09
0.09
0.09
0.07
0.06
0.1
0.09
0.1
0.06
0.11
0.09
0.09
0.05
0.1
0.11
0.11
0.07
0.08
0.09
0.08
0.03
0.08
0.11
0.03
0.03
0.06
0.09
0.09
0.08
0.06
0.09
0.06
0.06
0.11
0.11
0.11
0.1
0.11
0.04
0.05
0.09
0.1
0.08
0.08
0.02
0.08
0.08
0.03
0.08
0.06
0.06
0.09
0.06
0.09
0.1
0.1
0.06
0.1
0.1
0.08
0.09
0.1
0.06
0.11
0.06
0.09
0.06
0.11
0.08
0.08
0.08
0.06
0.08
0.08
0.09
0.06
0.06
0.06
0.08
0.08
0.11
0.1
0.1
0.1
0.09
0.06
0.06
0.08
0.09
0.08
0.09
0.08
0.07
0.1
0.08
0.06
0.06
0.08
0.1
0.08
0.04
0.1
0.08
0.07
0.04
0.1
0.09
0.05
0.05
0.06
0.1
0.1
0.08
0.08
0.07
0.1
0.08
0.08
0.09
0.05
0.09
0.1
0.07
0.05
0.08
0.1
0.08
0.09
0.09
0.1
0.05
0.08
0.05
0.1
0.1
0.1
0.08
0.06
0.1
0.01
0.1
0.1
0.07
0.1
0.05
0.1
0.1
0.06
0.05
0.08
0.09
0.08
0.05
0.1
0.09
0.08
0.06
0.06
0.07
0.05
0.1
0.02
0.08
0.05
0.08
0.02
0.11
0.09
0.08
0.09
0.08
0.08
0.07
0.1
0.05
0.05
0.1
0.08
0.05
0.09
0.09
0.09
0.09
0.09
0.06
0.09
0.09
0.09
0.05
0.1
0.1
0.09
0.05
0.05
0.05
0.1
0.07
0.05
0.1
0.05
0.1
0.06
0.05
0.06
0.02
0.07
0.09
0.09
0.1
0.08
0.08
0.07
0.08
0.06
0.06
0.1
0.1
0.09
0.1
0.07
0.08
0.08
0.05
0.08
0.06
0.1
0.05
0.08
0.05
0.05
0.08
0.1
0.08
0.03
0.1
0.1
0.08
0.08
0.1
0.09
0.1
0.1
0.1
0.08
0.05
0.05
0.09
0.1
0.08
0.1
0.03
0.08
0.1
0.1
0.06
0.06
0.09
0.06
0.05
0.02
0.1
0.05
0.1
0.06
0.1
0.1
0.08
0.07
0.07
0.1
0.07
0.05
0.09
0.1
0.1
0.06
0.01
0.1
0.08
0.08
0.1
0.1
0.05
0.05
0.1
0.08
0.09
0.09
0.06
0.09
0.1
0.1
0.07
0.04
0.08
0.06
0.09
0.1
0.08
0.07
0.1
0.1
0.08
0.07
0.08
0.09
0.07
0.05
0.08
0.06
0.06
0.08
0.05
0.01
Take-Two Interactive
0.08
0.05
0.07
0.07
0.08
0.07
0.08
0.06
0.1
0.05
0.1
0.08
0.1
0.03
0.05
0.1
0.02
0.08
0.09
0.08
0.06
0.1
0.1
Ackkstudios
0.05
0.01
0.05
0.05
0.1
0.08
0.1
0.1
0.09
0.09
0.1
0.1
0.08
0.05
0.08
0.08
0.08
0.1
0.05
0.03
0.04
0.09
0.07
0.02
0.03
0.06
0.05
0.1
0.05
0.08
0.1
0.08
0.05
0.09
0.09
0.1
0.1
0.1
0.06
0.08
0.1
0.1
0.05
0.07
0.08
0.09
0.09
0.02
0.1
0.09
0.06
0.07
0.07
0.05
0.07
0.03
Misc
0.09
0.05
0.09
0.09
0.05
0.08
0.05
0.1
0.06
0.05
0.1
0.09
0.1
0.04
0.09
0.03
0.07
0.09
0.08
0.07
0.08
0.09
0.02
0.09
0.06
0.08
0.1
0.08
0.09
0.06
0.09
0.09
0.08
0.08
0.09
0.06
0.06
0.09
0.05
0.06
0.04
0.08
0.09
0.08
0.09
0.07
0.08
0.05
0.09
0.09
0.05
0.08
0.08
0.02
0.08
0.07
0.05
0.06
0.08
0.09
0.05
0.08
0.07
0.06
0.08
0.09
0.09
0.09
0.06
0.06
0.05
0.09
0.06
0.09
0.07
0.05
0.09
0.08
0.09
0.04
0.08
0.09
0.08
0.09
0.09
0.08
0.09
0.05
0.07
0.06
0.03
0.08
0.09
0.05
0.08
0.08
0.08
0.08
0.08
0.08
0.08
0.08
0.08
0.06
0.09
0.07
0.08
0.07
0.06
0.06
0.07
0.08
0.07
0.07
0.09
0.09
0.09
0.09
0.07
0.05
0.06
0.06
0.06
0.09
0.09
0.07
0.07
0.09
0.07
0.07
0.07
0.09
0.08
0.07
0.09
0.09
0.06
0.07
0.07
0.07
THQ
Sega
0.08
0.03
0.07
0.07
0.09
0.05
0.09
0.06
0.07
0.08
0.09
0.08
0.04
0.05
Nippon Ichi Software
0.07
0.09
0.08
0.09
0.08
0.05
0.05
0.09
0.03
0.09
0.04
0.09
0.07
0.07
0.05
0.09
0.05
0.05
0.06
0.05
0.05
0.04
0.09
0.06
0.04
0.05
0.07
0.07
0.05
0.09
0.08
0.05
0.09
0.06
0.08
0.09
0.01
0.09
0.07
0.09
0.09
0.07
0.05
0.09
0.08
0.09
0.05
0.05
0.05
0.02
0.09
0.08
0.02
0.05
0.09
0.09
0.07
0.08
0.08
0.05
0.07
0.09
0.08
0.08
0.07
0.07
0.02
0.09
0.05
0.09
0.08
0.07
Shooter
0.07
0.09
0.01
0.09
0.05
0.07
0.09
0.08
0.05
0.05
0.07
0.05
0.07
0.09
0.07
0.05
0.07
0.07
0.09
0.07
0.07
0.08
0.03
0.09
0.07
0.07
0.05
0.07
0.04
0.05
0.08
0.09
0.05
0.07
0.09
0.05
0.01
0.08
0.05
0.05
0.05
0.09
0.02
0.09
0.07
0.07
0.08
0.06
0.08
0.01
0.08
0.05
0.01
0.07
0.05
0.01
0.05
0.05
0.03
0.06
0.07
0.07
0.06
0.09
0.09
0.09
0.04
0.02
0.05
0.07
0.09
0.09
0.05
0.07
0.07
0.09
0.05
0.05
0.05
0.05
0.05
0.05
0.02
0.07
0.07
0.09
0.09
0.09
0.07
0.05
0.08
0.06
0.08
0.05
0.07
0.08
0.09
0.08
0.07
0.05
0.05
0.09
0.08
0.07
0.07
0.05
0.07
0.09
0.05
0.05
0.05
0.04
0.07
0.08
0.07
0.02
0.07
0.02
0.09
0.07
0.04
0.04
0.04
0.09
0.05
0.05
0.04
0.05
0.03
0.07
0.05
0.07
0.08
0.08
0.08
0.09
0.07
0.08
0.08
0.07
0.04
0.02
0.08
0.08
0.07
0.04
0.07
0.06
0.05
0.08
0.05
0.09
0.07
0.04
0.05
0.02
0.04
0.08
0.08
0.07
0.04
0.08
0.08
0.08
0.05
0.06
0.02
0.06
0.07
0.07
0.06
0.05
0.06
0.08
0.05
0.08
0.04
0.01
0.07
0.07
0.07
0.03
0.07
0.08
0.03
0.08
0.05
0.06
0.06
0.05
0.06
0.04
0.03
0.06
0.06
0.04
0.01
0.08
D3Publisher
0.08
0.08
0.08
0.08
0.07
0.05
0.06
0.08
0.03
0.08
0.07
0.01
0.08
0.03
0.08
0.04
0.08
0.04
0.07
0.08
0.08
0.06
0.06
0.08
0.08
0.08
0.08
0.07
0.07
0.07
0.07
0.07
0.07
0.07
0.04
0.06
0.08
0.05
0.08
0.08
0.03
0.08
0.07
0.07
0.07
0.08
0.02
0.05
0.08
0.04
0.08
0.08
0.08
0.08
0.06
0.08
0.08
0.08
0.07
0.02
0.08
0.07
0.08
0.08
0.07
0.07
0.07
0.05
0.05
0.06
0.06
0.08
0.07
0.06
0.04
0.05
0.07
0.08
0.05
0.04
0.05
0.07
0.06
0.05
0.08
0.06
0.08
0.07
0.06
0.03
0.06
0.07
0.06
0.06
0.05
0.06
0.03
0.02
0.07
0.08
0.04
0.06
0.03
0.04
0.05
0.07
0.06
0.05
0.04
0.08
0.05
0.01
0.04
0.05
0.04
0.02
0.08
0.04
0.01
0.08
0.07
0.06
0.05
0.07
0.08
0.04
0.04
0.04
0.08
0.08
0.08
0.06
0.07
0.04
0.08
0.04
0.08
0.05
0.08
0.04
0.07
0.08
0.02
0.06
0.08
0.03
0.06
0.07
0.07
0.01
0.04
0.05
0.06
0.08
0.08
0.06
0.08
0.06
0.06
0.08
0.06
0.08
0.05
0.05
0.05
0.04
0.06
0.08
0.05
0.06
0.06
0.05
0.04
0.07
0.08
0.04
0.03
0.07
0.04
0.06
0.08
0.03
0.07
0.05
0.06
0.08
0.07
0.08
0.08
0.06
0.02
0.04
0.06
0.07
0.06
0.06
0.03
0.05
0.06
0.06
0.06
0.06
0.06
0.04
0.07
0.04
0.05
0.04
0.06
0.08
0.08
0.03
0.05
0.08
0.07
0.08
0.08
0.04
0.03
0.07
0.04
0.04
0.03
0.04
0.08
0.06
0.07
0.05
0.04
0.05
0.03
0.08
0.06
0.08
0.04
0.03
0.06
0.04
0.07
0.04
0.06
0.07
0.06
0.08
0.04
0.08
0.04
0.04
0.06
0.02
D3Publisher
0.06
0.07
0.07
0.06
0.08
0.06
0.05
0.03
0.06
0.05
0.01
0.08
0.06
0.08
0.07
0.06
0.06
0.04
0.05
0.07
0.06
0.06
0.07
0.04
0.07
0.07
0.07
0.04
0.07
0.03
0.07
0.04
0.04
0.01
0.07
0.06
0.07
0.06
0.07
0.02
0.07
0.07
0.06
0.06
0.06
0.06
0.06
0.04
0.06
0.07
0.07
0.06
0.06
0.06
0.06
0.07
THQ
0.04
0.03
0.04
0.06
0.06
0.04
0.07
0.05
0.06
0.06
0.07
0.06
0.06
0.05
0.04
0.04
0.02
0.07
0.06
0.03
0.04
0.05
0.06
0.03
0.07
0.07
0.06
0.07
0.04
0.07
0.07
0.06
0.06
0.04
0.06
0.06
0.06
0.07
0.07
0.07
0.03
0.06
0.06
0.03
0.05
0.06
0.07
0.07
0.07
0.04
0.06
0.06
0.06
0.07
0.07
0.06
0.04
0.07
0.04
0.04
0.06
0.06
0.07
0.06
0.06
0.04
0.05
0.07
0.04
0.06
0.03
0.06
0.05
0.05
0.04
0.06
0.03
0.06
0.07
0.04
0.07
0.07
0.06
0.06
0.07
0.02
0.07
0.04
0.06
0.04
0.06
0.07
0.06
0.07
0.07
0.06
0.06
0.03
0.05
0.07
0.04
0.07
0.05
0.06
0.06
0.07
0.01
0.07
0.07
0.07
0.01
0.07
0.07
0.07
0.07
0.06
0.07
0.06
0.07
0.04
Take-Two Interactive
0.01
0.07
0.06
0.06
0.04
0.07
0.05
0.04
0.04
0.07
0.04
0.07
0.05
0.07
0.06
0.05
0.07
0.06
0.02
0.05
0.04
0.06
0.06
0.04
0.04
0.04
0.07
0.07
0.05
0.06
0.06
0.05
0.07
0.07
0.06
0.06
0.06
0.07
0.06
0.07
0.02
0.04
0.07
0.07
0.07
0.05
0.04
0.04
0.07
0.07
0.04
0.07
0.04
0.06
0.05
0.04
0.07
0.07
0.06
0.07
0.05
0.04
0.04
0.06
0.04
0.06
0.06
0.07
0.07
0.07
0.04
0.07
0.06
0.04
0.05
0.07
0.07
0.07
0.07
0.06
0.07
0.07
0.05
0.02
0.07
0.06
0.04
0.03
0.05
0.05
0.04
0.03
Misc
0.05
0.06
0.01
0.04
0.07
0.07
0.07
0.04
Deep Silver
0.04
0.06
0.01
0.05
0.05
0.02
0.06
0.07
0.04
0.02
0.07
0.05
0.07
0.04
0.04
0.05
0.04
0.02
0.07
0.07
0.06
0.06
0.07
0.05
0.05
0.06
0.05
0.04
0.05
0.04
0.05
0.04
0.03
0.06
0.07
0.05
0.07
0.06
0.07
0.07
0.04
0.06
0.01
0.02
0.06
0.05
0.04
0.05
0.07
0.01
0.05
0.04
0.05
0.03
0.03
0.05
0.04
0.04
0.04
0.05
0.05
0.07
0.03
0.07
0.04
0.03
0.07
0.05
0.07
0.05
0.03
505 Games
0.03
0.07
0.05
0.07
0.07
0.03
0.06
0.03
0.05
0.05
0.03
0.05
0.05
0.07
0.07
0.01
0.04
0.04
0.06
0.07
0.03
0.04
0.03
0.07
0.06
0.04
0.05
0.05
0.03
0.05
0.06
0.06
0.05
0.06
0.06
0.04
0.07
0.06
0.05
0.07
0.05
0.06
0.06
0.05
0.06
0.05
0.05
0.06
0.04
0.06
0.06
0.05
0.06
0.03
0.03
0.03
0.02
0.02
0.06
0.04
0.05
0.04
0.04
0.06
0.05
0.03
0.02
0.06
0.02
0.03
0.03
0.02
0.03
0.06
0.03
0.06
0.05
0.05
0.04
0.05
0.06
0.05
0.05
0.06
0.01
0.04
0.01
0.06
0.05
0.06
0.04
0.04
0.03
0.06
0.06
0.04
0.06
0.01
0.06
0.03
0.03
0.04
0.06
0.05
0.05
Asylum Entertainment
0.03
0.06
0.02
0.06
0.06
0.06
0.06
0.06
0.06
0.05
0.03
0.04
0.05
0.05
0.06
0.01
0.02
0.05
0.04
0.06
0.04
0.06
0.05
0.06
0.03
0.05
0.04
0.03
0.05
0.06
0.05
0.05
0.05
0.03
0.05
0.05
0.06
0.03
0.01
0.03
0.05
0.05
0.06
0.05
0.03
0.06
0.01
0.05
0.01
0.05
0.05
0.05
0.06
0.04
0.06
0.06
0.06
0.06
0.04
0.06
0.04
0.05
0.05
0.06
0.03
0.06
0.04
0.05
0.03
0.05
0.05
0.05
0.06
0.04
0.06
0.06
0.05
0.06
0.05
0.04
0.03
0.04
Adventure
0.05
0.04
0.06
0.05
0.01
0.05
0.05
0.06
0.06
0.03
0.05
0.02
0.06
0.06
0.05
0.04
0.05
0.05
0.01
0.02
0.05
0.05
0.05
0.03
0.05
0.05
0.05
0.04
0.05
0.05
0.06
0.06
0.03
0.05
0.05
0.06
0.05
0.03
0.06
0.05
0.06
0.06
0.01
0.06
0.05
0.05
0.05
0.06
0.06
0.03
0.06
0.04
0.04
0.04
0.06
0.04
0.06
0.06
0.05
0.04
0.03
0.03
0.05
0.03
0.05
0.05
0.06
0.06
0.06
0.05
0.06
0.06
0.01
0.05
0.03
0.03
0.05
0.06
0.04
0.05
0.06
0.05
0.06
0.05
0.03
0.06
0.05
0.02
0.04
0.04
0.06
0.06
THQ
0.06
0.03
0.02
0.03
0.03
0.06
0.03
0.04
0.04
0.06
0.06
0.06
0.06
0.04
0.03
0.06
0.06
0.05
0.06
0.06
0.01
0.03
0.05
0.01
0.03
0.06
0.03
0.03
0.06
0.05
0.06
0.04
0.05
0.04
0.03
0.03
0.06
0.06
0.02
0.06
0.03
0.01
0.03
0.01
0.03
0.02
0.03
0.03
0.05
0.04
0.05
0.03
0.03
0.05
0.03
0.06
0.04
0.04
0.04
0.05
0.05
0.06
0.02
0.06
0.06
0.06
0.05
0.05
0.01
0.03
0.04
0.06
0.05
0.05
0.06
0.06
0.02
0.05
0.04
0.06
0.05
0.05
0.05
0.06
0.05
0.06
0.05
0.05
0.06
0.05
0.06
0.04
0.03
0.05
0.03
0.06
0.06
0.05
0.05
0.05
0.05
0.05
0.05
0.05
0.05
0.05
0.05
0.05
0.05
0.06
0.05
0.06
0.04
0.04
0.05
0.06
0.06
0.06
0.06
0.04
0.06
0.03
0.03
0.06
0.06
0.05
0.06
0.03
0.03
0.05
0.04
0.04
0.05
0.06
0.04
0.04
0.05
0.05
0.04
0.05
0.04
0.03
0.03
0.04
0.04
0.05
0.05
0.05
0.03
0.03
0.04
0.04
0.04
0.03
0.05
0.03
0.05
0.06
0.05
0.03
0.05
0.04
0.04
0.05
0.05
0.05
0.03
0.05
0.05
0.03
0.05
0.03
0.06
0.05
0.05
0.02
0.04
0.03
0.04
0.05
0.05
0.03
0.05
0.01
0.03
0.05
0.05
0.04
0.03
0.05
0.05
0.06
0.05
0.04
0.03
0.03
0.04
0.04
0.05
0.04
0.05
0.04
0.03
0.04
0.03
0.05
0.03
0.03
0.04
0.03
0.05
0.04
0.05
0.04
0.04
0.05
0.05
0.01
0.05
0.05
0.03
0.03
0.03
0.03
0.03
0.04
0.02
0.05
0.04
0.04
0.04
0.05
0.03
0.05
0.01
0.03
0.05
0.03
0.03
0.04
0.03
0.04
D3Publisher
0.03
0.04
0.01
0.04
0.04
0.05
0.03
0.03
0.05
0.03
0.05
0.04
0.05
0.03
Konami Digital Entertainment
0.03
0.04
0.04
0.05
0.04
0.05
0.04
0.03
0.03
0.05
0.04
0.03
0.01
0.01
0.03
0.05
0.04
0.04
0.03
0.03
0.01
0.04
0.05
0.04
0.03
0.05
0.05
0.03
0.05
0.05
0.03
0.05
0.04
0.04
0.05
0.03
0.04
0.04
0.04
0.03
0.03
0.05
0.05
0.05
0.03
0.04
0.05
0.05
0.03
0.04
0.05
0.05
0.03
Focus Home Interactive
0.05
0.04
0.01
0.05
0.04
0.04
0.04
0.05
0.04
0.04
0.05
0.05
0.03
0.03
0.04
0.04
0.03
0.03
0.04
0.01
0.05
0.05
0.03
0.04
0.05
0.04
0.04
0.04
0.05
0.05
0.04
0.01
0.04
0.03
0.04
0.03
0.04
0.03
0.03
0.05
0.05
0.04
0.04
0.03
0.03
0.04
0.03
0.05
0.05
0.03
0.05
0.04
0.03
0.04
0.05
0.01
0.04
0.05
0.04
0.05
0.05
0.03
0.02
0.03
0.05
0.01
0.04
0.05
0.04
0.05
0.03
0.03
0.05
0.05
0.05
0.04
0.03
0.04
0.05
0.04
0.05
0.04
0.04
0.05
0.04
0.04
0.01
0.03
0.04
0.03
0.04
0.03
0.03
0.03
0.04
0.01
0.03
0.04
0.03
0.05
0.05
0.05
0.03
0.05
0.02
0.04
0.05
0.04
0.05
0.04
0.04
0.05
0.05
0.03
0.04
0.03
0.05
0.05
0.04
0.05
0.03
0.05
0.04
0.05
0.03
0.05
0.02
0.05
0.03
0.02
0.03
0.05
0.03
0.03
0.05
0.01
0.05
0.05
0.05
0.05
0.03
0.04
0.04
0.05
0.05
0.05
0.04
0.03
0.04
0.01
0.05
0.04
0.04
0.04
0.05
0.04
0.04
0.04
0.04
0.04
0.04
0.02
0.04
0.04
0.04
0.02
0.03
0.04
0.05
0.04
0.05
0.04
0.02
0.03
0.03
0.04
0.04
0.05
0.04
0.04
0.05
0.02
0.04
0.04
0.04
0.02
0.04
0.05
0.05
0.03
0.04
0.02
0.02
0.04
505 Games
0.05
0.02
0.04
0.04
0.03
0.05
0.04
0.03
0.02
0.03
0.03
0.05
0.03
0.03
0.02
0.04
0.03
0.03
0.04
0.04
0.04
0.02
0.02
0.04
0.03
0.01
0.04
0.04
0.04
0.04
0.04
THQ
0.04
0.03
0.04
0.03
0.04
0.02
0.02
0.03
0.04
0.02
0.04
0.04
0.04
0.03
0.03
0.04
0.04
0.04
0.03
0.04
0.04
0.04
0.04
0.01
0.04
0.03
0.02
0.03
0.03
0.04
0.04
0.04
0.03
0.03
0.04
0.04
0.04
0.04
0.02
0.04
0.04
0.03
0.02
0.03
0.04
0.04
0.04
0.04
0.03
0.03
0.03
0.04
0.04
0.04
0.02
0.01
0.02
0.04
0.04
0.03
0.01
0.04
0.04
0.02
0.04
0.04
0.04
0.04
0.03
0.03
0.04
0.04
0.04
0.02
0.03
0.04
0.04
0.04
0.03
0.03
0.03
0.04
0.04
0.04
0.03
0.01
0.03
0.03
0.03
0.04
0.04
0.04
0.03
0.04
0.04
0.04
0.03
0.04
0.03
0.03
0.04
0.04
0.03
0.04
0.01
0.04
0.03
0.03
0.04
0.03
0.03
0.03
0.02
0.04
0.04
0.03
0.04
0.04
0.02
0.04
0.04
0.04
0.04
0.03
0.04
0.02
0.04
0.03
0.03
0.03
0.02
0.03
0.04
0.04
0.04
0.03
Red Storm Entertainment
0.01
0.04
0.04
0.03
0.01
0.04
0.03
0.03
0.04
0.03
0.04
0.02
0.03
0.02
0.04
0.03
0.02
0.03
0.03
0.04
0.02
0.04
0.02
0.03
0.02
0.03
0.04
0.04
0.04
0.03
0.03
0.01
0.03
0.04
0.03
0.04
0.03
0.04
0.03
0.04
0.04
0.02
0.01
0.03
0.03
0.02
0.04
0.02
0.04
0.03
0.01
0.03
0.04
0.03
0.02
0.03
0.03
0.03
0.04
0.04
0.04
Marvelous Interactive
0.04
0.03
0.04
0.03
0.03
0.02
0.04
0.03
0.04
0.02
0.01
0.03
0.03
0.03
0.04
0.03
0.04
0.04
0.02
0.03
0.03
0.02
0.03
0.01
0.03
0.03
0.04
0.04
0.04
0.04
0.04
0.02
0.04
0.01
0.04
0.04
0.02
0.01
0.04
0.04
0.04
0.01
0.04
0.04
0.02
0.04
0.02
0.03
0.03
0.04
0.02
0.03
0.01
0.03
0.02
0.04
0.04
0.04
0.04
0.02
0.04
0.04
0.02
0.04
0.04
0.02
0.02
0.04
0.02
0.04
0.03
0.04
0.03
0.03
0.04
0.01
0.03
0.03
0.03
0.03
0.03
0.03
0.03
0.03
0.03
0.02
0.03
0.03
0.01
0.04
0.02
0.02
0.04
0.03
0.02
0.03
0.03
0.03
0.03
0.02
0.03
0.03
0.04
0.03
0.04
0.04
0.02
0.04
0.03
0.02
0.02
0.02
0.03
0.04
0.02
0.01
0.02
0.03
0.03
0.02
0.03
0.03
0.04
0.04
0.04
0.03
0.02
0.02
0.03
0.03
0.02
0.03
0.02
0.02
0.02
0.02
0.01
0.02
0.01
0.03
0.02
0.03
0.02
0.03
0.04
0.03
0.03
0.03
0.04
0.02
0.04
0.03
0.02
0.04
0.03
0.03
0.04
0.02
0.04
0.01
0.02
0.02
0.03
0.02
0.02
0.03
0.02
0.01
0.02
0.01
0.03
0.03
0.02
0.03
0.02
0.01
0.03
0.03
0.02
0.03
0.01
0.03
0.03
0.02
0.01
0.03
0.03
0.03
0.03
0.03
0.03
0.02
0.03
0.02
0.02
0.03
0.03
0.03
0.03
0.03
0.03
0.02
0.02
0.03
0.03
0.01
0.02
0.03
0.03
0.02
0.03
0.02
0.03
2008
0.02
0.03
0.03
0.03
0.03
0.01
0.03
0.03
0.02
0.02
0.02
0.03
0.02
0.01
0.03
0.03
0.03
0.03
0.03
0.02
0.02
0.03
0.03
0.01
0.01
0.02
0.03
0.01
0.03
0.03
0.02
0.03
0.03
0.03
Global A Entertainment
0.03
0.02
0.03
0.03
0.02
0.03
0.03
0.02
0.02
0.03
0.02
0.03
0.03
0.03
0.03
0.03
0.03
0.03
0.03
0.02
0.03
0.02
0.03
0.03
0.02
0.03
0.02
0.02
0.03
0.02
0.02
0.03
Ubisoft
0.02
0.03
0.02
0.02
0.01
0.03
0.03
0.03
0.02
0.03
0.02
0.02
0.03
0.02
0.02
0.02
0.02
0.03
0.01
0.03
0.02
0.02
0.03
0.03
0.03
0.02
0.02
0.02
0.03
0.02
0.03
0.02
0.03
0.01
0.01
0.03
0.03
0.01
0.02
0.02
0.03
0.02
0.03
0.03
0.03
0.03
0.02
0.03
0.02
0.03
0.03
0.03
0.02
0.03
0.03
0.03
0.03
0.03
0.02
0.02
0.03
0.02
0.03
0.02
0.01
0.01
0.03
0.03
0.02
0.03
0.03
0.03
0.03
0.03
0.03
0.03
0.02
0.02
0.02
0.03
0.01
0.02
0.03
0.03
0.03
0.01
0.03
0.03
0.03
0.03
0.02
0.02
0.02
0.03
0.02
0.02
0.02
0.03
0.02
0.02
0.02
0.03
0.01
0.02
0.03
0.03
0.02
0.01
0.02
0.02
0.03
0.02
0.03
0.03
0.03
0.02
0.02
0.01
0.02
0.01
0.02
0.02
0.02
0.01
0.01
0.01
0.03
0.02
0.02
0.03
0.01
0.02
0.03
0.01
0.02
0.01
0.02
0.02
0.03
0.02
0.03
0.02
0.02
0.02
0.02
0.02
0.02
0.02
0.02
0.02
0.02
0.03
0.01
0.03
0.03
0.02
0.02
0.03
0.01
0.02
0.03
0.02
0.03
0.03
0.03
0.02
Action
0.02
0.02
0.02
0.02
0.02
0.02
0.02
0.03
0.01
0.03
0.02
0.01
0.02
0.03
0.02
0.03
0.01
0.01
0.01
0.02
0.02
0.02
0.02
0.02
0.03
0.02
0.03
0.02
0.03
0.03
0.02
0.01
0.02
0.02
0.03
0.02
0.02
0.03
0.02
0.02
0.03
0.03
0.03
0.03
0.01
0.02
0.02
0.02
0.02
0.02
0.03
0.03
0.02
0.02
0.02
0.01
0.03
0.02
0.02
0.02
0.03
0.01
0.02
0.02
0.01
0.02
0.02
0.03
0.02
0.02
0.02
0.02
0.02
0.02
0.02
0.02
Idea Factory
0.02
0.02
0.01
0.03
0.02
0.01
0.01
0.01
0.01
0.02
0.01
0.02
0.02
0.02
0.02
0.01
0.01
0.01
0.02
0.02
0.01
0.02
0.01
0.02
0.02
0.01
0.01
0.01
0.02
0.01
0.02
0.01
0.02
0.02
0.02
0.02
0.02
0.02
0.01
0.02
0.02
0.02
0.01
0.02
0.02
0.02
0.02
0.02
0.02
0.02
0.02
0.01
0.02
0.01
0.02
0.02
0.02
0.01
0.02
0.01
0.02
0.02
0.02
0.01
0.01
0.01
0.02
0.02
0.02
0.01
0.02
0.02
0.02
0.02
0.02
0.02
0.02
0.02
0.01
0.02
0.02
0.02
0.02
0.01
0.02
0.02
0.02
0.02
0.01
0.01
0.02
0.02
0.01
Midway Games
0.02
0.02
D3Publisher
0.02
0.02
0.01
0.01
0.02
0.02
0.01
0.01
0.02
0.01
0.01
0.02
0.02
0.02
0.01
0.02
0.02
0.01
0.02
0.02
0.02
0.01
0.02
0.02
0.01
0.02
0.02
0.02
0.01
0.02
0.02
0.02
0.02
0.02
0.02
0.02
0.01
0.02
0.02
0.01
0.02
0.02
0.02
0.01
0.01
0.02
0.02
0.02
0.02
0.02
0.02
0.02
0.01
0.02
0.02
0.01
0.01
0.02
0.02
0.02
0.01
0.02
0.01
0.01
0.02
0.02
0.01
0.02
D3Publisher
0.02
0.02
0.01
0.02
0.02
0.02
0.02
0.02
0.02
0.02
0.01
0.02
0.01
0.02
0.02
0.02
0.02
0.02
0.02
0.02
0.02
0.02
0.01
0.02
0.02
0.02
0.02
0.02
0.02
0.02
0.01
0.01
0.01
0.02
0.01
0.02
0.02
Idea Factory
0.02
0.01
0.02
0.02
0.01
0.02
0.02
0.02
0.02
0.01
0.01
0.02
0.02
0.01
0.02
0.01
0.02
0.01
0.02
0.01
0.02
0.02
0.02
0.01
0.01
0.02
0.02
0.02
0.02
0.02
0.01
0.02
0.02
0.01
0.02
0.02
0.02
0.02
0.01
0.01
0.02
0.02
0.01
0.02
0.01
0.02
0.01
0.02
0.02
0.01
0.01
0.02
0.01
0.01
0.01
0.01
0.02
0.02
0.02
0.02
0.02
0.01
0.01
0.02
0.02
0.01
0.02
0.01
0.02
0.02
0.02
Shooter
0.01
0.01
0.01
0.01
0.02
0.02
0.01
0.02
0.01
0.02
0.01
0.01
0.01
0.01
0.01
0.01
0.01
0.02
0.01
0.01
0.02
0.02
0.01
0.01
0.01
0.02
0.01
0.01
0.02
0.01
THQ
0.02
0.01
0.02
0.02
0.01
0.01
0.02
N/A
0.02
0.02
0.02
0.01
0.01
0.02
0.02
0.01
0.01
0.02
0.01
Kadokawa Shoten
0.01
0.01
0.02
0.02
0.02
0.01
0.01
0.01
0.01
0.01
0.01
0.02
0.01
0.01
0.01
0.01
0.02
0.01
0.02
0.01
0.01
0.01
0.01
0.01
0.01
0.01
0.01
0.01
0.01
0.01
0.02
0.02
0.01
0.02
0.01
0.02
0.01
0.01
0.01
0.02
0.01
0.01
Idea Factory
0.01
0.01
0.01
0.02
0.01
0.01
0.01
0.01
0.02
0.01
0.02
0.01
0.01
0.01
0.01
0.01
0.01
0.02
0.01
0.02
0.02
0.01
0.01
0.01
0.02
0.01
0.01
0.02
0.02
0.01
0.01
0.01
0.01
0.01
0.02
0.02
0.01
0.01
0.02
0.01
0.01
0.01
0.01
0.01
0.01
0.01
0.01
0.01
0.01
0.01
0.01
ASCII Media Works
0.01
0.01
0.01
0.01
0.01
0.01
0.01
0.01
0.01
0.01
0.01
0.01
0.01
0.01
0.01
0.01
0.01
0.01
0.01
0.01
0.01
0.01
5pb
0.01
0.01
0.01
0.01
0.01
0.01
0.01
0.01
0.01
0.01
0.01
0.01
0.01
0.01
0.01
0.01
0.01
0.01
0.01
0.01
0.01
Media Entertainment
0.01
0.01
0.01
0.01
0.01
0.01
0.01
0.01
0.01
0.01
0.01
0.01
Quinrose
0.01
0.01
0.01
0.01
0.01
0.01
0.01
0.01
0.01
0.01
0.01
0.01
0.01
0.01
0.01
0.01
0.01
0.01
0.01
0.01
0.01
0.01
0.01
0.01
0.01
0.01
0.01
0.01
0.01
0.01
0.01
0.01
0.01
0.01
0.01
0.01
0.01
0.01
0.01
Idea Factory
0.01
0.01
0.01
0.01
0.01
0.01
0.01
0.01
0.01
0.01
0.01
0.01
0.01
0.01
0.01
0.01
0.01
0.01
0.01
0.01
0.01
0.01
0.01
0.01
0.01
0.01
0.01
Ubisoft
0.01
0.01
0.01
0.01
0.01
0.01
0.01
0.01
0.01
0.01
Namco Bandai Games
0.01
0.01
0.01
0.01
Konami Digital Entertainment
0.01
0.01
0.01
0.01
0.01
DTP Entertainment
0.01
0.01
Action
0.01
0.01
0.01
0.01
0.01
Idea Factory
0.01
0.01
0.01
0.01
Shooter
0.01
0.01
0.01
0.01
0.01
0.01
0.01
0.01
0.01
0.01
0.01
0.01
0.01
0.01
0.01
0.01
0.01
0.01
0.01
0.01
0.01
0.01
0.01
0.01
0.01
0.01
0.01
0.01
